** Assembled operator Viscous Damping - 2132 by 2132, entries 2132, symmetric
1,11, 1,11,  6.162502736874544e-02
2,11, 2,11,  6.162499224249905e-02
3,11, 3,11,  3.081248452125206e-02
4,11, 4,11,  3.081250208436857e-02
5,11, 5,11,  6.162499224249893e-02
6,11, 6,11,  3.081248452125201e-02
7,11, 7,11,  3.081250208436855e-02
8,11, 8,11,  6.162502736874522e-02
9,11, 9,11,  6.162501678374165e-02
10,11, 10,11,  6.162498165750139e-02
11,11, 11,11,  6.162499311249887e-02
12,11, 12,11,  6.162502823874565e-02
13,11, 13,11,  6.162498165750128e-02
14,11, 14,11,  6.162499311249876e-02
15,11, 15,11,  6.162502823874554e-02
16,11, 16,11,  6.162501678374155e-02
17,11, 17,11,  6.706252434186802e-02
18,11, 18,11,  6.706248611625017e-02
19,11, 19,11,  6.706248611625004e-02
20,11, 20,11,  6.706252434186792e-02
21,11, 21,11,  6.525002269249286e-02
22,11, 22,11,  6.524998550000038e-02
23,11, 23,11,  6.524998550000026e-02
24,11, 24,11,  6.525002269249276e-02
25,11, 25,11,  6.525002544749384e-02
26,11, 26,11,  6.524998825499978e-02
27,11, 27,11,  6.524998825499967e-02
28,11, 28,11,  6.525002544749373e-02
29,11, 29,11,  3.625001326749623e-02
30,11, 30,11,  3.624999260500007e-02
31,11, 31,11,  3.625001326749624e-02
32,11, 32,11,  3.624999260500000e-02
33,11, 33,11,  1.232499623000006e-01
34,11, 34,11,  1.232499592187509e-01
35,11, 35,11,  1.232500516562412e-01
36,11, 36,11,  1.232499623000005e-01
37,11, 37,11,  1.232499623000006e-01
38,11, 38,11,  1.232499623000005e-01
39,11, 39,11,  1.232499592187506e-01
40,11, 40,11,  1.232500516562410e-01
41,11, 41,11,  1.232499623000006e-01
42,11, 42,11,  1.232499623000005e-01
43,11, 43,11,  1.232500547374905e-01
44,11, 44,11,  1.232500054374959e-01
45,11, 45,11,  1.232499592187510e-01
46,11, 46,11,  1.232499623000005e-01
47,11, 47,11,  1.232499623000005e-01
48,11, 48,11,  1.232500085187456e-01
49,11, 49,11,  1.232500054374959e-01
50,11, 50,11,  1.232499838687482e-01
51,11, 51,11,  1.232499869499979e-01
52,11, 52,11,  1.232499832524982e-01
53,11, 53,11,  1.232499940368721e-01
54,11, 54,11,  1.232499841768731e-01
55,11, 55,11,  1.232499841768731e-01
56,11, 56,11,  1.232499841768732e-01
57,11, 57,11,  6.162496888844171e-02
58,11, 58,11,  6.162496888844171e-02
59,11, 59,11,  6.162496888844171e-02
60,11, 60,11,  6.162497381843934e-02
61,11, 61,11,  6.162496842625442e-02
62,11, 62,11,  6.162497027500356e-02
63,11, 63,11,  6.162496873437931e-02
64,11, 64,11,  6.162497951874904e-02
65,11, 65,11,  6.162498105937332e-02
66,11, 66,11,  6.162495795000948e-02
67,11, 67,11,  6.162495795000945e-02
68,11, 68,11,  6.162495640938528e-02
69,11, 69,11,  6.162497951874912e-02
70,11, 70,11,  6.162500416873713e-02
71,11, 71,11,  6.162495795000945e-02
72,11, 72,11,  6.162495795000954e-02
73,11, 73,11,  6.162500262811298e-02
74,11, 74,11,  6.162495640938516e-02
75,11, 75,11,  6.162495795000954e-02
76,11, 76,11,  6.162495795000954e-02
77,11, 77,11,  6.162495795000941e-02
78,11, 78,11,  6.162500262811292e-02
79,11, 79,11,  6.162495640938524e-02
80,11, 80,11,  6.162495795000945e-02
81,11, 81,11,  1.232499841768729e-01
82,11, 82,11,  1.232499841768729e-01
83,11, 83,11,  1.232499841768729e-01
84,11, 84,11,  1.232499940368719e-01
85,11, 85,11,  1.232499832524980e-01
86,11, 86,11,  1.232499869499976e-01
87,11, 87,11,  1.232499838687480e-01
88,11, 88,11,  1.232500054374956e-01
89,11, 89,11,  1.232500085187453e-01
90,11, 90,11,  1.232499623000002e-01
91,11, 91,11,  1.232499623000002e-01
92,11, 92,11,  1.232499592187507e-01
93,11, 93,11,  1.232500054374957e-01
94,11, 94,11,  1.232500547374903e-01
95,11, 95,11,  1.232499623000001e-01
96,11, 96,11,  1.232499623000002e-01
97,11, 97,11,  1.232500516562408e-01
98,11, 98,11,  1.232499592187505e-01
99,11, 99,11,  1.232499623000003e-01
100,11, 100,11,  1.232499623000004e-01
101,11, 101,11,  1.232499623000001e-01
102,11, 102,11,  1.232500516562408e-01
103,11, 103,11,  1.232499592187506e-01
104,11, 104,11,  1.232499623000002e-01
105,11, 105,11,  6.162495795000941e-02
106,11, 106,11,  6.162495640938518e-02
107,11, 107,11,  6.162500262811282e-02
108,11, 108,11,  6.162495795000927e-02
109,11, 109,11,  6.162495795000943e-02
110,11, 110,11,  6.162495795000941e-02
111,11, 111,11,  6.162495640938499e-02
112,11, 112,11,  6.162500262811281e-02
113,11, 113,11,  6.162495795000943e-02
114,11, 114,11,  6.162495795000937e-02
115,11, 115,11,  6.162500416873706e-02
116,11, 116,11,  6.162497951874901e-02
117,11, 117,11,  6.162495640938516e-02
118,11, 118,11,  6.162495795000936e-02
119,11, 119,11,  6.162495795000938e-02
120,11, 120,11,  6.162498105937322e-02
121,11, 121,11,  6.162497951874894e-02
122,11, 122,11,  6.162496873437918e-02
123,11, 123,11,  6.162497027500344e-02
124,11, 124,11,  6.162496842625431e-02
125,11, 125,11,  6.162497381843925e-02
126,11, 126,11,  6.162496888844161e-02
127,11, 127,11,  6.162496888844160e-02
128,11, 128,11,  6.162496888844161e-02
129,11, 129,11,  6.162500416873713e-02
130,11, 130,11,  6.162500416873708e-02
131,11, 131,11,  1.232500547374905e-01
132,11, 132,11,  1.232500547374906e-01
133,11, 133,11,  6.162496904250402e-02
134,11, 134,11,  6.162496904250407e-02
135,11, 135,11,  1.232499844849980e-01
136,11, 136,11,  1.232499844849978e-01
137,11, 137,11,  1.232499411300089e-01
138,11, 138,11,  1.232499380487598e-01
139,11, 139,11,  1.232500304862342e-01
140,11, 140,11,  1.232499411300088e-01
141,11, 141,11,  1.232499411300091e-01
142,11, 142,11,  1.232499411300091e-01
143,11, 143,11,  1.232499380487596e-01
144,11, 144,11,  1.232500304862342e-01
145,11, 145,11,  1.232499411300091e-01
146,11, 146,11,  1.232499411300089e-01
147,11, 147,11,  1.232500335674832e-01
148,11, 148,11,  1.232499842674971e-01
149,11, 149,11,  1.232499380487599e-01
150,11, 150,11,  1.232499411300089e-01
151,11, 151,11,  1.232499411300089e-01
152,11, 152,11,  1.232499873487461e-01
153,11, 153,11,  1.232499842674969e-01
154,11, 154,11,  1.232499626987530e-01
155,11, 155,11,  1.232499657800021e-01
156,11, 156,11,  1.232499620825031e-01
157,11, 157,11,  1.232499728668752e-01
158,11, 158,11,  1.232499630068779e-01
159,11, 159,11,  1.232499630068779e-01
160,11, 160,11,  1.232499630068779e-01
161,11, 161,11,  1.232499859168728e-01
162,11, 162,11,  1.232499859168728e-01
163,11, 163,11,  1.232499859168728e-01
164,11, 164,11,  1.232499957768719e-01
165,11, 165,11,  1.232499849924978e-01
166,11, 166,11,  1.232499886899976e-01
167,11, 167,11,  1.232499856087479e-01
168,11, 168,11,  1.232500071774958e-01
169,11, 169,11,  1.232500102587455e-01
170,11, 170,11,  1.232499640399998e-01
171,11, 171,11,  1.232499640399998e-01
172,11, 172,11,  1.232499609587502e-01
173,11, 173,11,  1.232500071774958e-01
174,11, 174,11,  1.232500564774912e-01
175,11, 175,11,  1.232499640399997e-01
176,11, 176,11,  1.232499640399998e-01
177,11, 177,11,  1.232500533962416e-01
178,11, 178,11,  1.232499609587499e-01
179,11, 179,11,  1.232499640399998e-01
180,11, 180,11,  1.232499640399999e-01
181,11, 181,11,  1.232499640399997e-01
182,11, 182,11,  1.232500533962416e-01
183,11, 183,11,  1.232499609587502e-01
184,11, 184,11,  1.232499640399998e-01
185,11, 185,11,  1.232499630068777e-01
186,11, 186,11,  1.232499630068777e-01
187,11, 187,11,  1.232499630068777e-01
188,11, 188,11,  1.232499728668750e-01
189,11, 189,11,  1.232499620825029e-01
190,11, 190,11,  1.232499657800019e-01
191,11, 191,11,  1.232499626987528e-01
192,11, 192,11,  1.232499842674967e-01
193,11, 193,11,  1.232499873487459e-01
194,11, 194,11,  1.232499411300088e-01
195,11, 195,11,  1.232499411300087e-01
196,11, 196,11,  1.232499380487597e-01
197,11, 197,11,  1.232499842674968e-01
198,11, 198,11,  1.232500335674830e-01
199,11, 199,11,  1.232499411300087e-01
200,11, 200,11,  1.232499411300088e-01
201,11, 201,11,  1.232500304862339e-01
202,11, 202,11,  1.232499380487594e-01
203,11, 203,11,  1.232499411300088e-01
204,11, 204,11,  1.232499411300088e-01
205,11, 205,11,  1.232499411300086e-01
206,11, 206,11,  1.232500304862340e-01
207,11, 207,11,  1.232499380487597e-01
208,11, 208,11,  1.232499411300088e-01
209,11, 209,11,  1.232499640399996e-01
210,11, 210,11,  1.232499609587499e-01
211,11, 211,11,  1.232500533962414e-01
212,11, 212,11,  1.232499640399995e-01
213,11, 213,11,  1.232499640399995e-01
214,11, 214,11,  1.232499640399995e-01
215,11, 215,11,  1.232499609587497e-01
216,11, 216,11,  1.232500533962414e-01
217,11, 217,11,  1.232499640399995e-01
218,11, 218,11,  1.232499640399995e-01
219,11, 219,11,  1.232500564774909e-01
220,11, 220,11,  1.232500071774956e-01
221,11, 221,11,  1.232499609587500e-01
222,11, 222,11,  1.232499640399995e-01
223,11, 223,11,  1.232499640399995e-01
224,11, 224,11,  1.232500102587453e-01
225,11, 225,11,  1.232500071774955e-01
226,11, 226,11,  1.232499856087476e-01
227,11, 227,11,  1.232499886899973e-01
228,11, 228,11,  1.232499849924976e-01
229,11, 229,11,  1.232499957768717e-01
230,11, 230,11,  1.232499859168726e-01
231,11, 231,11,  1.232499859168726e-01
232,11, 232,11,  1.232499859168726e-01
233,11, 233,11,  1.232500564774912e-01
234,11, 234,11,  1.232500564774911e-01
235,11, 235,11,  1.232500335674831e-01
236,11, 236,11,  1.232500335674832e-01
237,11, 237,11,  1.232499862249975e-01
238,11, 238,11,  1.232499862249976e-01
239,11, 239,11,  1.232499633150027e-01
240,11, 240,11,  1.232499633150025e-01
241,11, 241,11,  1.341249480900048e-01
242,11, 242,11,  1.341249447368805e-01
243,11, 243,11,  1.341250453306117e-01
244,11, 244,11,  1.341249480900047e-01
245,11, 245,11,  1.341249480900050e-01
246,11, 246,11,  1.341249480900051e-01
247,11, 247,11,  1.341249447368803e-01
248,11, 248,11,  1.341250453306118e-01
249,11, 249,11,  1.341249480900050e-01
250,11, 250,11,  1.341249480900048e-01
251,11, 251,11,  1.341250486837359e-01
252,11, 252,11,  1.341249950337462e-01
253,11, 253,11,  1.341249447368806e-01
254,11, 254,11,  1.341249480900048e-01
255,11, 255,11,  1.341249480900049e-01
256,11, 256,11,  1.341249983868705e-01
257,11, 257,11,  1.341249950337460e-01
258,11, 258,11,  1.341249715618755e-01
259,11, 259,11,  1.341249749149999e-01
260,11, 260,11,  1.341249708912506e-01
261,11, 261,11,  1.341249826271859e-01
262,11, 262,11,  1.341249718971879e-01
263,11, 263,11,  1.341249718971879e-01
264,11, 264,11,  1.341249718971879e-01
265,11, 265,11,  1.341249718971877e-01
266,11, 266,11,  1.341249718971877e-01
267,11, 267,11,  1.341249718971877e-01
268,11, 268,11,  1.341249826271857e-01
269,11, 269,11,  1.341249708912504e-01
270,11, 270,11,  1.341249749149996e-01
271,11, 271,11,  1.341249715618753e-01
272,11, 272,11,  1.341249950337458e-01
273,11, 273,11,  1.341249983868702e-01
274,11, 274,11,  1.341249480900046e-01
275,11, 275,11,  1.341249480900046e-01
276,11, 276,11,  1.341249447368804e-01
277,11, 277,11,  1.341249950337459e-01
278,11, 278,11,  1.341250486837357e-01
279,11, 279,11,  1.341249480900046e-01
280,11, 280,11,  1.341249480900047e-01
281,11, 281,11,  1.341250453306114e-01
282,11, 282,11,  1.341249447368800e-01
283,11, 283,11,  1.341249480900047e-01
284,11, 284,11,  1.341249480900047e-01
285,11, 285,11,  1.341249480900045e-01
286,11, 286,11,  1.341250453306115e-01
287,11, 287,11,  1.341249447368804e-01
288,11, 288,11,  1.341249480900047e-01
289,11, 289,11,  1.341250486837358e-01
290,11, 290,11,  1.341250486837359e-01
291,11, 291,11,  1.341249722325002e-01
292,11, 292,11,  1.341249722325001e-01
293,11, 293,11,  1.304999475100055e-01
294,11, 294,11,  1.304999442475062e-01
295,11, 295,11,  1.305000421224864e-01
296,11, 296,11,  1.304999475100054e-01
297,11, 297,11,  1.304999475100057e-01
298,11, 298,11,  1.304999475100057e-01
299,11, 299,11,  1.304999442475060e-01
300,11, 300,11,  1.305000421224864e-01
301,11, 301,11,  1.304999475100057e-01
302,11, 302,11,  1.304999475100055e-01
303,11, 303,11,  1.305000453849856e-01
304,11, 304,11,  1.304999931849964e-01
305,11, 305,11,  1.304999442475063e-01
306,11, 306,11,  1.304999475100055e-01
307,11, 307,11,  1.304999475100055e-01
308,11, 308,11,  1.304999964474956e-01
309,11, 309,11,  1.304999931849962e-01
310,11, 310,11,  1.304999703475010e-01
311,11, 311,11,  1.304999736100003e-01
312,11, 312,11,  1.304999696950010e-01
313,11, 313,11,  1.304999811137488e-01
314,11, 314,11,  1.304999706737509e-01
315,11, 315,11,  1.304999706737509e-01
316,11, 316,11,  1.304999706737508e-01
317,11, 317,11,  1.304999706737506e-01
318,11, 318,11,  1.304999706737506e-01
319,11, 319,11,  1.304999706737506e-01
320,11, 320,11,  1.304999811137486e-01
321,11, 321,11,  1.304999696950008e-01
322,11, 322,11,  1.304999736100000e-01
323,11, 323,11,  1.304999703475007e-01
324,11, 324,11,  1.304999931849960e-01
325,11, 325,11,  1.304999964474954e-01
326,11, 326,11,  1.304999475100053e-01
327,11, 327,11,  1.304999475100053e-01
328,11, 328,11,  1.304999442475061e-01
329,11, 329,11,  1.304999931849961e-01
330,11, 330,11,  1.305000453849854e-01
331,11, 331,11,  1.304999475100053e-01
332,11, 332,11,  1.304999475100054e-01
333,11, 333,11,  1.305000421224861e-01
334,11, 334,11,  1.304999442475058e-01
335,11, 335,11,  1.304999475100054e-01
336,11, 336,11,  1.304999475100054e-01
337,11, 337,11,  1.304999475100052e-01
338,11, 338,11,  1.305000421224862e-01
339,11, 339,11,  1.304999442475061e-01
340,11, 340,11,  1.304999475100053e-01
341,11, 341,11,  1.305000453849855e-01
342,11, 342,11,  1.305000453849856e-01
343,11, 343,11,  1.304999710000006e-01
344,11, 344,11,  1.304999710000005e-01
345,11, 345,11,  1.304999530200033e-01
346,11, 346,11,  1.304999497575037e-01
347,11, 347,11,  1.305000476324882e-01
348,11, 348,11,  1.304999530200033e-01
349,11, 349,11,  1.304999530200035e-01
350,11, 350,11,  1.304999530200035e-01
351,11, 351,11,  1.304999497575036e-01
352,11, 352,11,  1.305000476324882e-01
353,11, 353,11,  1.304999530200035e-01
354,11, 354,11,  1.304999530200033e-01
355,11, 355,11,  1.305000508949876e-01
356,11, 356,11,  1.304999986949961e-01
357,11, 357,11,  1.304999497575040e-01
358,11, 358,11,  1.304999530200033e-01
359,11, 359,11,  1.304999530200034e-01
360,11, 360,11,  1.305000019574954e-01
361,11, 361,11,  1.304999986949960e-01
362,11, 362,11,  1.304999758574997e-01
363,11, 363,11,  1.304999791199991e-01
364,11, 364,11,  1.304999752049998e-01
365,11, 365,11,  1.304999866237480e-01
366,11, 366,11,  1.304999761837496e-01
367,11, 367,11,  1.304999761837496e-01
368,11, 368,11,  1.304999761837496e-01
369,11, 369,11,  1.304999761837494e-01
370,11, 370,11,  1.304999761837494e-01
371,11, 371,11,  1.304999761837494e-01
372,11, 372,11,  1.304999866237478e-01
373,11, 373,11,  1.304999752049995e-01
374,11, 374,11,  1.304999791199989e-01
375,11, 375,11,  1.304999758574995e-01
376,11, 376,11,  1.304999986949957e-01
377,11, 377,11,  1.305000019574953e-01
378,11, 378,11,  1.304999530200031e-01
379,11, 379,11,  1.304999530200030e-01
380,11, 380,11,  1.304999497575037e-01
381,11, 381,11,  1.304999986949958e-01
382,11, 382,11,  1.305000508949872e-01
383,11, 383,11,  1.304999530200030e-01
384,11, 384,11,  1.304999530200031e-01
385,11, 385,11,  1.305000476324879e-01
386,11, 386,11,  1.304999497575035e-01
387,11, 387,11,  1.304999530200032e-01
388,11, 388,11,  1.304999530200032e-01
389,11, 389,11,  1.304999530200030e-01
390,11, 390,11,  1.305000476324879e-01
391,11, 391,11,  1.304999497575036e-01
392,11, 392,11,  1.304999530200032e-01
393,11, 393,11,  1.305000508949874e-01
394,11, 394,11,  1.305000508949875e-01
395,11, 395,11,  1.304999765099994e-01
396,11, 396,11,  1.304999765099993e-01
397,11, 397,11,  7.249997216000258e-02
398,11, 398,11,  7.249997034750302e-02
399,11, 399,11,  7.250002472249290e-02
400,11, 400,11,  7.249997216000242e-02
401,11, 401,11,  7.249997216000258e-02
402,11, 402,11,  7.249997216000262e-02
403,11, 403,11,  7.249997034750275e-02
404,11, 404,11,  7.250002472249283e-02
405,11, 405,11,  7.249997216000262e-02
406,11, 406,11,  7.249997216000251e-02
407,11, 407,11,  7.250002653499246e-02
408,11, 408,11,  7.249999753499789e-02
409,11, 409,11,  7.249997034750294e-02
410,11, 410,11,  7.249997216000255e-02
411,11, 411,11,  7.249997216000256e-02
412,11, 412,11,  7.249999934749757e-02
413,11, 413,11,  7.249999753499788e-02
414,11, 414,11,  7.249998484750025e-02
415,11, 415,11,  7.249998665999988e-02
416,11, 416,11,  7.249998448500024e-02
417,11, 417,11,  7.249999082874911e-02
418,11, 418,11,  7.249998502875017e-02
419,11, 419,11,  7.249998502875017e-02
420,11, 420,11,  7.249998502875017e-02
421,11, 421,11,  7.249998502875005e-02
422,11, 422,11,  7.249998502875007e-02
423,11, 423,11,  7.249998502875007e-02
424,11, 424,11,  7.249999082874901e-02
425,11, 425,11,  7.249998448500013e-02
426,11, 426,11,  7.249998665999974e-02
427,11, 427,11,  7.249998484750009e-02
428,11, 428,11,  7.249999753499770e-02
429,11, 429,11,  7.249999934749743e-02
430,11, 430,11,  7.249997216000242e-02
431,11, 431,11,  7.249997216000237e-02
432,11, 432,11,  7.249997034750283e-02
433,11, 433,11,  7.249999753499778e-02
434,11, 434,11,  7.250002653499232e-02
435,11, 435,11,  7.249997216000235e-02
436,11, 436,11,  7.249997216000245e-02
437,11, 437,11,  7.250002472249271e-02
438,11, 438,11,  7.249997034750272e-02
439,11, 439,11,  7.249997216000256e-02
440,11, 440,11,  7.249997216000249e-02
441,11, 441,11,  7.249997216000234e-02
442,11, 442,11,  7.250002472249270e-02
443,11, 443,11,  7.249997034750275e-02
444,11, 444,11,  7.249997216000245e-02
445,11, 445,11,  7.249998521000001e-02
446,11, 446,11,  7.249998521000006e-02
447,11, 447,11,  7.250002653499246e-02
448,11, 448,11,  7.250002653499238e-02
449,11, 449,11,  2.464999246000008e-01
450,11, 450,11,  2.464999184375015e-01
451,11, 451,11,  2.465001033124819e-01
452,11, 452,11,  2.464999246000005e-01
453,11, 453,11,  2.464999246000010e-01
454,11, 454,11,  2.464999246000008e-01
455,11, 455,11,  2.464999184375010e-01
456,11, 456,11,  2.465001033124817e-01
457,11, 457,11,  2.464999246000007e-01
458,11, 458,11,  2.464999246000006e-01
459,11, 459,11,  2.465001094749808e-01
460,11, 460,11,  2.465000108749916e-01
461,11, 461,11,  2.464999184375016e-01
462,11, 462,11,  2.464999246000007e-01
463,11, 463,11,  2.464999246000006e-01
464,11, 464,11,  2.465000170374909e-01
465,11, 465,11,  2.465000108749915e-01
466,11, 466,11,  2.464999677374961e-01
467,11, 467,11,  2.464999738999955e-01
468,11, 468,11,  2.464999665049961e-01
469,11, 469,11,  2.464999880737440e-01
470,11, 470,11,  2.464999683537460e-01
471,11, 471,11,  2.464999683537460e-01
472,11, 472,11,  2.464999683537460e-01
473,11, 473,11,  2.464999246000005e-01
474,11, 474,11,  2.464999184375012e-01
475,11, 475,11,  2.465001033124817e-01
476,11, 476,11,  2.464999246000003e-01
477,11, 477,11,  2.464999246000007e-01
478,11, 478,11,  2.464999246000006e-01
479,11, 479,11,  2.464999184375008e-01
480,11, 480,11,  2.465001033124815e-01
481,11, 481,11,  2.464999246000005e-01
482,11, 482,11,  2.464999246000004e-01
483,11, 483,11,  2.465001094749806e-01
484,11, 484,11,  2.465000108749914e-01
485,11, 485,11,  2.464999184375014e-01
486,11, 486,11,  2.464999246000004e-01
487,11, 487,11,  2.464999246000004e-01
488,11, 488,11,  2.465000170374907e-01
489,11, 489,11,  2.465000108749912e-01
490,11, 490,11,  2.464999677374959e-01
491,11, 491,11,  2.464999738999952e-01
492,11, 492,11,  2.464999665049959e-01
493,11, 493,11,  2.464999880737437e-01
494,11, 494,11,  2.464999683537458e-01
495,11, 495,11,  2.464999683537458e-01
496,11, 496,11,  2.464999683537458e-01
497,11, 497,11,  1.232499159000189e-01
498,11, 498,11,  1.232499128187704e-01
499,11, 499,11,  1.232500052562257e-01
500,11, 500,11,  1.232499159000187e-01
501,11, 501,11,  1.232499159000190e-01
502,11, 502,11,  1.232499159000190e-01
503,11, 503,11,  1.232499128187702e-01
504,11, 504,11,  1.232500052562258e-01
505,11, 505,11,  1.232499159000190e-01
506,11, 506,11,  1.232499159000188e-01
507,11, 507,11,  1.232500083374742e-01
508,11, 508,11,  1.232499590374981e-01
509,11, 509,11,  1.232499128187704e-01
510,11, 510,11,  1.232499159000188e-01
511,11, 511,11,  1.232499159000189e-01
512,11, 512,11,  1.232499621187465e-01
513,11, 513,11,  1.232499590374980e-01
514,11, 514,11,  1.232499374687585e-01
515,11, 515,11,  1.232499405500070e-01
516,11, 516,11,  1.232499368525087e-01
517,11, 517,11,  1.232499476368786e-01
518,11, 518,11,  1.232499377768833e-01
519,11, 519,11,  1.232499377768833e-01
520,11, 520,11,  1.232499377768833e-01
521,11, 521,11,  1.232499159000188e-01
522,11, 522,11,  1.232499128187703e-01
523,11, 523,11,  1.232500052562256e-01
524,11, 524,11,  1.232499159000186e-01
525,11, 525,11,  1.232499159000189e-01
526,11, 526,11,  1.232499159000189e-01
527,11, 527,11,  1.232499128187700e-01
528,11, 528,11,  1.232500052562257e-01
529,11, 529,11,  1.232499159000189e-01
530,11, 530,11,  1.232499159000187e-01
531,11, 531,11,  1.232500083374741e-01
532,11, 532,11,  1.232499590374980e-01
533,11, 533,11,  1.232499128187703e-01
534,11, 534,11,  1.232499159000187e-01
535,11, 535,11,  1.232499159000188e-01
536,11, 536,11,  1.232499621187464e-01
537,11, 537,11,  1.232499590374979e-01
538,11, 538,11,  1.232499374687584e-01
539,11, 539,11,  1.232499405500069e-01
540,11, 540,11,  1.232499368525086e-01
541,11, 541,11,  1.232499476368785e-01
542,11, 542,11,  1.232499377768832e-01
543,11, 543,11,  1.232499377768832e-01
544,11, 544,11,  1.232499377768832e-01
545,11, 545,11,  2.464998822600177e-01
546,11, 546,11,  2.464998760975195e-01
547,11, 547,11,  2.465000609724681e-01
548,11, 548,11,  2.464998822600174e-01
549,11, 549,11,  2.464998822600179e-01
550,11, 550,11,  2.464998822600179e-01
551,11, 551,11,  2.464998760975191e-01
552,11, 552,11,  2.465000609724681e-01
553,11, 553,11,  2.464998822600179e-01
554,11, 554,11,  2.464998822600176e-01
555,11, 555,11,  2.465000671349661e-01
556,11, 556,11,  2.464999685349938e-01
557,11, 557,11,  2.464998760975196e-01
558,11, 558,11,  2.464998822600176e-01
559,11, 559,11,  2.464998822600177e-01
560,11, 560,11,  2.464999746974920e-01
561,11, 561,11,  2.464999685349936e-01
562,11, 562,11,  2.464999253975058e-01
563,11, 563,11,  2.464999315600040e-01
564,11, 564,11,  2.464999241650060e-01
565,11, 565,11,  2.464999457337502e-01
566,11, 566,11,  2.464999260137555e-01
567,11, 567,11,  2.464999260137556e-01
568,11, 568,11,  2.464999260137555e-01
569,11, 569,11,  2.464998822600175e-01
570,11, 570,11,  2.464998760975192e-01
571,11, 571,11,  2.465000609724678e-01
572,11, 572,11,  2.464998822600172e-01
573,11, 573,11,  2.464998822600177e-01
574,11, 574,11,  2.464998822600177e-01
575,11, 575,11,  2.464998760975188e-01
576,11, 576,11,  2.465000609724678e-01
577,11, 577,11,  2.464998822600176e-01
578,11, 578,11,  2.464998822600173e-01
579,11, 579,11,  2.465000671349659e-01
580,11, 580,11,  2.464999685349936e-01
581,11, 581,11,  2.464998760975194e-01
582,11, 582,11,  2.464998822600174e-01
583,11, 583,11,  2.464998822600175e-01
584,11, 584,11,  2.464999746974917e-01
585,11, 585,11,  2.464999685349934e-01
586,11, 586,11,  2.464999253975056e-01
587,11, 587,11,  2.464999315600038e-01
588,11, 588,11,  2.464999241650058e-01
589,11, 589,11,  2.464999457337499e-01
590,11, 590,11,  2.464999260137553e-01
591,11, 591,11,  2.464999260137553e-01
592,11, 592,11,  2.464999260137553e-01
593,11, 593,11,  2.464999280799994e-01
594,11, 594,11,  2.464999219175001e-01
595,11, 595,11,  2.465001067924830e-01
596,11, 596,11,  2.464999280799992e-01
597,11, 597,11,  2.464999280799994e-01
598,11, 598,11,  2.464999280799993e-01
599,11, 599,11,  2.464999219174996e-01
600,11, 600,11,  2.465001067924830e-01
601,11, 601,11,  2.464999280799993e-01
602,11, 602,11,  2.464999280799992e-01
603,11, 603,11,  2.465001129549821e-01
604,11, 604,11,  2.465000143549915e-01
605,11, 605,11,  2.464999219175002e-01
606,11, 606,11,  2.464999280799993e-01
607,11, 607,11,  2.464999280799993e-01
608,11, 608,11,  2.465000205174908e-01
609,11, 609,11,  2.465000143549913e-01
610,11, 610,11,  2.464999712174955e-01
611,11, 611,11,  2.464999773799949e-01
612,11, 612,11,  2.464999699849955e-01
613,11, 613,11,  2.464999915537436e-01
614,11, 614,11,  2.464999718337453e-01
615,11, 615,11,  2.464999718337454e-01
616,11, 616,11,  2.464999718337454e-01
617,11, 617,11,  2.464999280799992e-01
618,11, 618,11,  2.464999219174999e-01
619,11, 619,11,  2.465001067924829e-01
620,11, 620,11,  2.464999280799990e-01
621,11, 621,11,  2.464999280799992e-01
622,11, 622,11,  2.464999280799991e-01
623,11, 623,11,  2.464999219174993e-01
624,11, 624,11,  2.465001067924827e-01
625,11, 625,11,  2.464999280799991e-01
626,11, 626,11,  2.464999280799990e-01
627,11, 627,11,  2.465001129549819e-01
628,11, 628,11,  2.465000143549912e-01
629,11, 629,11,  2.464999219174999e-01
630,11, 630,11,  2.464999280799990e-01
631,11, 631,11,  2.464999280799990e-01
632,11, 632,11,  2.465000205174906e-01
633,11, 633,11,  2.465000143549911e-01
634,11, 634,11,  2.464999712174953e-01
635,11, 635,11,  2.464999773799947e-01
636,11, 636,11,  2.464999699849952e-01
637,11, 637,11,  2.464999915537434e-01
638,11, 638,11,  2.464999718337451e-01
639,11, 639,11,  2.464999718337452e-01
640,11, 640,11,  2.464999718337451e-01
641,11, 641,11,  2.682498961800095e-01
642,11, 642,11,  2.682498894737608e-01
643,11, 643,11,  2.682500906612231e-01
644,11, 644,11,  2.682498961800092e-01
645,11, 645,11,  2.682498961800097e-01
646,11, 646,11,  2.682498961800098e-01
647,11, 647,11,  2.682498894737604e-01
648,11, 648,11,  2.682500906612231e-01
649,11, 649,11,  2.682498961800097e-01
650,11, 650,11,  2.682498961800094e-01
651,11, 651,11,  2.682500973674716e-01
652,11, 652,11,  2.682499900674921e-01
653,11, 653,11,  2.682498894737609e-01
654,11, 654,11,  2.682498961800094e-01
655,11, 655,11,  2.682498961800094e-01
656,11, 656,11,  2.682499967737407e-01
657,11, 657,11,  2.682499900674917e-01
658,11, 658,11,  2.682499431237508e-01
659,11, 659,11,  2.682499498299995e-01
660,11, 660,11,  2.682499417825009e-01
661,11, 661,11,  2.682499652543716e-01
662,11, 662,11,  2.682499437943756e-01
663,11, 663,11,  2.682499437943756e-01
664,11, 664,11,  2.682499437943756e-01
665,11, 665,11,  2.682498961800093e-01
666,11, 666,11,  2.682498894737606e-01
667,11, 667,11,  2.682500906612229e-01
668,11, 668,11,  2.682498961800089e-01
669,11, 669,11,  2.682498961800094e-01
670,11, 670,11,  2.682498961800095e-01
671,11, 671,11,  2.682498894737601e-01
672,11, 672,11,  2.682500906612229e-01
673,11, 673,11,  2.682498961800094e-01
674,11, 674,11,  2.682498961800091e-01
675,11, 675,11,  2.682500973674714e-01
676,11, 676,11,  2.682499900674918e-01
677,11, 677,11,  2.682498894737607e-01
678,11, 678,11,  2.682498961800092e-01
679,11, 679,11,  2.682498961800092e-01
680,11, 680,11,  2.682499967737404e-01
681,11, 681,11,  2.682499900674916e-01
682,11, 682,11,  2.682499431237505e-01
683,11, 683,11,  2.682499498299992e-01
684,11, 684,11,  2.682499417825007e-01
685,11, 685,11,  2.682499652543714e-01
686,11, 686,11,  2.682499437943753e-01
687,11, 687,11,  2.682499437943753e-01
688,11, 688,11,  2.682499437943753e-01
689,11, 689,11,  2.609998950200108e-01
690,11, 690,11,  2.609998884950122e-01
691,11, 691,11,  2.610000842449726e-01
692,11, 692,11,  2.609998950200105e-01
693,11, 693,11,  2.609998950200110e-01
694,11, 694,11,  2.609998950200111e-01
695,11, 695,11,  2.609998884950118e-01
696,11, 696,11,  2.610000842449726e-01
697,11, 697,11,  2.609998950200110e-01
698,11, 698,11,  2.609998950200107e-01
699,11, 699,11,  2.610000907699710e-01
700,11, 700,11,  2.609999863699925e-01
701,11, 701,11,  2.609998884950123e-01
702,11, 702,11,  2.609998950200106e-01
703,11, 703,11,  2.609998950200108e-01
704,11, 704,11,  2.609999928949910e-01
705,11, 705,11,  2.609999863699922e-01
706,11, 706,11,  2.609999406950017e-01
707,11, 707,11,  2.609999472200003e-01
708,11, 708,11,  2.609999393900018e-01
709,11, 709,11,  2.609999622274973e-01
710,11, 710,11,  2.609999413475014e-01
711,11, 711,11,  2.609999413475015e-01
712,11, 712,11,  2.609999413475015e-01
713,11, 713,11,  2.609998950200106e-01
714,11, 714,11,  2.609998884950119e-01
715,11, 715,11,  2.610000842449723e-01
716,11, 716,11,  2.609998950200103e-01
717,11, 717,11,  2.609998950200108e-01
718,11, 718,11,  2.609998950200108e-01
719,11, 719,11,  2.609998884950115e-01
720,11, 720,11,  2.610000842449723e-01
721,11, 721,11,  2.609998950200108e-01
722,11, 722,11,  2.609998950200105e-01
723,11, 723,11,  2.610000907699708e-01
724,11, 724,11,  2.609999863699923e-01
725,11, 725,11,  2.609998884950121e-01
726,11, 726,11,  2.609998950200105e-01
727,11, 727,11,  2.609998950200105e-01
728,11, 728,11,  2.609999928949908e-01
729,11, 729,11,  2.609999863699919e-01
730,11, 730,11,  2.609999406950014e-01
731,11, 731,11,  2.609999472200001e-01
732,11, 732,11,  2.609999393900016e-01
733,11, 733,11,  2.609999622274971e-01
734,11, 734,11,  2.609999413475012e-01
735,11, 735,11,  2.609999413475012e-01
736,11, 736,11,  2.609999413475012e-01
737,11, 737,11,  2.609999060400064e-01
738,11, 738,11,  2.609998995150073e-01
739,11, 739,11,  2.610000952649760e-01
740,11, 740,11,  2.609999060400062e-01
741,11, 741,11,  2.609999060400067e-01
742,11, 742,11,  2.609999060400067e-01
743,11, 743,11,  2.609998995150071e-01
744,11, 744,11,  2.610000952649761e-01
745,11, 745,11,  2.609999060400066e-01
746,11, 746,11,  2.609999060400062e-01
747,11, 747,11,  2.610001017899747e-01
748,11, 748,11,  2.609999973899919e-01
749,11, 749,11,  2.609998995150077e-01
750,11, 750,11,  2.609999060400063e-01
751,11, 751,11,  2.609999060400064e-01
752,11, 752,11,  2.610000039149907e-01
753,11, 753,11,  2.609999973899916e-01
754,11, 754,11,  2.609999517149991e-01
755,11, 755,11,  2.609999582399980e-01
756,11, 756,11,  2.609999504099992e-01
757,11, 757,11,  2.609999732474957e-01
758,11, 758,11,  2.609999523674990e-01
759,11, 759,11,  2.609999523674990e-01
760,11, 760,11,  2.609999523674990e-01
761,11, 761,11,  2.609999060400062e-01
762,11, 762,11,  2.609998995150071e-01
763,11, 763,11,  2.610000952649758e-01
764,11, 764,11,  2.609999060400060e-01
765,11, 765,11,  2.609999060400064e-01
766,11, 766,11,  2.609999060400064e-01
767,11, 767,11,  2.609998995150069e-01
768,11, 768,11,  2.610000952649759e-01
769,11, 769,11,  2.609999060400064e-01
770,11, 770,11,  2.609999060400060e-01
771,11, 771,11,  2.610001017899745e-01
772,11, 772,11,  2.609999973899916e-01
773,11, 773,11,  2.609998995150074e-01
774,11, 774,11,  2.609999060400061e-01
775,11, 775,11,  2.609999060400062e-01
776,11, 776,11,  2.610000039149905e-01
777,11, 777,11,  2.609999973899914e-01
778,11, 778,11,  2.609999517149990e-01
779,11, 779,11,  2.609999582399978e-01
780,11, 780,11,  2.609999504099990e-01
781,11, 781,11,  2.609999732474955e-01
782,11, 782,11,  2.609999523674987e-01
783,11, 783,11,  2.609999523674988e-01
784,11, 784,11,  2.609999523674988e-01
785,11, 785,11,  1.449999443200050e-01
786,11, 786,11,  1.449999406950057e-01
787,11, 787,11,  1.450000494449856e-01
788,11, 788,11,  1.449999443200047e-01
789,11, 789,11,  1.449999443200050e-01
790,11, 790,11,  1.449999443200052e-01
791,11, 791,11,  1.449999406950054e-01
792,11, 792,11,  1.450000494449855e-01
793,11, 793,11,  1.449999443200051e-01
794,11, 794,11,  1.449999443200048e-01
795,11, 795,11,  1.450000530699848e-01
796,11, 796,11,  1.449999950699956e-01
797,11, 797,11,  1.449999406950057e-01
798,11, 798,11,  1.449999443200049e-01
799,11, 799,11,  1.449999443200050e-01
800,11, 800,11,  1.449999986949950e-01
801,11, 801,11,  1.449999950699956e-01
802,11, 802,11,  1.449999696950003e-01
803,11, 803,11,  1.449999733199996e-01
804,11, 804,11,  1.449999689700004e-01
805,11, 805,11,  1.449999816574981e-01
806,11, 806,11,  1.449999700575002e-01
807,11, 807,11,  1.449999700575002e-01
808,11, 808,11,  1.449999700575002e-01
809,11, 809,11,  1.449999443200049e-01
810,11, 810,11,  1.449999406950056e-01
811,11, 811,11,  1.450000494449855e-01
812,11, 812,11,  1.449999443200046e-01
813,11, 813,11,  1.449999443200049e-01
814,11, 814,11,  1.449999443200050e-01
815,11, 815,11,  1.449999406950053e-01
816,11, 816,11,  1.450000494449854e-01
817,11, 817,11,  1.449999443200049e-01
818,11, 818,11,  1.449999443200047e-01
819,11, 819,11,  1.450000530699846e-01
820,11, 820,11,  1.449999950699955e-01
821,11, 821,11,  1.449999406950056e-01
822,11, 822,11,  1.449999443200048e-01
823,11, 823,11,  1.449999443200048e-01
824,11, 824,11,  1.449999986949949e-01
825,11, 825,11,  1.449999950699954e-01
826,11, 826,11,  1.449999696950002e-01
827,11, 827,11,  1.449999733199995e-01
828,11, 828,11,  1.449999689700002e-01
829,11, 829,11,  1.449999816574980e-01
830,11, 830,11,  1.449999700575001e-01
831,11, 831,11,  1.449999700575001e-01
832,11, 832,11,  1.449999700575001e-01
833,11, 833,11,  1.050000535499977e-01
834,11, 834,11,  1.050000535499977e-01
835,11, 835,11,  2.099999496000017e-01
836,11, 836,11,  2.099999496000019e-01
837,11, 837,11,  2.099999443500017e-01
838,11, 838,11,  2.099999443500024e-01
839,11, 839,11,  2.100001018499957e-01
840,11, 840,11,  2.100001018499958e-01
841,11, 841,11,  2.099999496000018e-01
842,11, 842,11,  2.099999496000015e-01
843,11, 843,11,  2.099999496000021e-01
844,11, 844,11,  2.099999496000019e-01
845,11, 845,11,  2.099999496000021e-01
846,11, 846,11,  2.099999496000020e-01
847,11, 847,11,  2.099999443500016e-01
848,11, 848,11,  2.099999443500017e-01
849,11, 849,11,  2.100001018499957e-01
850,11, 850,11,  2.100001018499956e-01
851,11, 851,11,  2.099999496000021e-01
852,11, 852,11,  2.099999496000021e-01
853,11, 853,11,  2.099999496000018e-01
854,11, 854,11,  2.099999496000017e-01
855,11, 855,11,  2.100001070999953e-01
856,11, 856,11,  2.100001070999953e-01
857,11, 857,11,  2.100000230999989e-01
858,11, 858,11,  2.100000230999989e-01
859,11, 859,11,  2.099999443500022e-01
860,11, 860,11,  2.099999443500022e-01
861,11, 861,11,  2.099999496000019e-01
862,11, 862,11,  2.099999496000018e-01
863,11, 863,11,  2.099999496000018e-01
864,11, 864,11,  2.099999496000018e-01
865,11, 865,11,  2.100000283499985e-01
866,11, 866,11,  2.100000283499987e-01
867,11, 867,11,  2.100000230999987e-01
868,11, 868,11,  2.100000230999989e-01
869,11, 869,11,  2.099999863500004e-01
870,11, 870,11,  2.099999863500004e-01
871,11, 871,11,  2.099999916000001e-01
872,11, 872,11,  2.099999916000002e-01
873,11, 873,11,  2.099999853000003e-01
874,11, 874,11,  2.099999853000003e-01
875,11, 875,11,  2.100000036749997e-01
876,11, 876,11,  2.100000036749996e-01
877,11, 877,11,  2.099999868750003e-01
878,11, 878,11,  2.099999868750003e-01
879,11, 879,11,  2.099999868750003e-01
880,11, 880,11,  2.099999868750003e-01
881,11, 881,11,  2.099999868750003e-01
882,11, 882,11,  2.099999868750003e-01
883,11, 883,11,  1.049999937000001e-01
884,11, 884,11,  1.049999937000001e-01
885,11, 885,11,  1.050000535499978e-01
886,11, 886,11,  1.050000535499978e-01
887,11, 887,11,  2.099999496000020e-01
888,11, 888,11,  2.099999496000019e-01
889,11, 889,11,  2.099999443500020e-01
890,11, 890,11,  2.099999443500020e-01
891,11, 891,11,  2.100001018499954e-01
892,11, 892,11,  2.100001018499956e-01
893,11, 893,11,  2.099999496000015e-01
894,11, 894,11,  2.099999496000015e-01
895,11, 895,11,  2.099999496000019e-01
896,11, 896,11,  2.099999496000020e-01
897,11, 897,11,  2.099999496000019e-01
898,11, 898,11,  2.099999496000022e-01
899,11, 899,11,  2.099999443500017e-01
900,11, 900,11,  2.099999443500019e-01
901,11, 901,11,  2.100001018499956e-01
902,11, 902,11,  2.100001018499956e-01
903,11, 903,11,  2.099999496000018e-01
904,11, 904,11,  2.099999496000019e-01
905,11, 905,11,  2.099999496000015e-01
906,11, 906,11,  2.099999496000016e-01
907,11, 907,11,  2.100001070999951e-01
908,11, 908,11,  2.100001070999952e-01
909,11, 909,11,  2.100000230999989e-01
910,11, 910,11,  2.100000230999989e-01
911,11, 911,11,  2.099999443500021e-01
912,11, 912,11,  2.099999443500022e-01
913,11, 913,11,  2.099999496000016e-01
914,11, 914,11,  2.099999496000017e-01
915,11, 915,11,  2.099999496000018e-01
916,11, 916,11,  2.099999496000018e-01
917,11, 917,11,  2.100000283499985e-01
918,11, 918,11,  2.100000283499987e-01
919,11, 919,11,  2.100000230999987e-01
920,11, 920,11,  2.100000230999987e-01
921,11, 921,11,  2.099999863500004e-01
922,11, 922,11,  2.099999863500003e-01
923,11, 923,11,  2.099999916000001e-01
924,11, 924,11,  2.099999916000001e-01
925,11, 925,11,  2.099999853000003e-01
926,11, 926,11,  2.099999853000003e-01
927,11, 927,11,  2.100000036749997e-01
928,11, 928,11,  2.100000036749997e-01
929,11, 929,11,  2.099999868750003e-01
930,11, 930,11,  2.099999868750004e-01
931,11, 931,11,  2.099999868750004e-01
932,11, 932,11,  2.099999868750003e-01
933,11, 933,11,  2.099999868750003e-01
934,11, 934,11,  2.099999868750003e-01
935,11, 935,11,  1.049999937000002e-01
936,11, 936,11,  1.049999937000002e-01
937,11, 937,11,  7.280515088172711e-01
938,11, 938,11,  8.711889223822616e-01
939,11, 939,11,  1.256912073540768e+00
940,11, 940,11,  1.256912073540764e+00
941,11, 941,11,  8.857929168979523e-01
942,11, 942,11,  1.271515849310114e+00
943,11, 943,11,  1.271515849310114e+00
944,11, 944,11,  7.426555849212435e-01
945,11, 945,11,  9.037196979956044e-01
946,11, 946,11,  7.280511496516382e-01
947,11, 947,11,  8.022037285766243e-02
948,11, 948,11,  2.558889212016286e-01
949,11, 949,11,  7.426560641424781e-01
950,11, 950,11,  8.022041858327582e-02
951,11, 951,11,  2.558890670583164e-01
952,11, 952,11,  9.183247126175200e-01
953,11, 953,11,  3.860352382813563e-01
954,11, 954,11,  5.291726703549009e-01
955,11, 955,11,  1.781591846386477e-01
956,11, 956,11,  3.502175256510327e-02
957,11, 957,11,  5.291723687266437e-01
958,11, 958,11,  1.781590830879685e-01
959,11, 959,11,  3.502173260271532e-02
960,11, 960,11,  3.860350182413906e-01
961,11, 961,11,  2.476763483388688e-01
962,11, 962,11,  4.663499181633023e-01
963,11, 963,11,  4.663496523439956e-01
964,11, 964,11,  2.476762071634279e-01
965,11, 965,11,  2.906812469732165e-01
966,11, 966,11,  2.906810812849968e-01
967,11, 967,11,  2.476762071634279e-01
968,11, 968,11,  2.476763483388692e-01
969,11, 969,11,  2.186735698244339e-01
970,11, 970,11,  2.186734451805674e-01
971,11, 971,11,  2.085020785364589e-01
972,11, 972,11,  2.085021973826459e-01
973,11, 973,11,  6.536478381765644e-02
974,11, 974,11,  6.536474655975015e-02
975,11, 975,11,  1.256660991281639e+00
976,11, 976,11,  1.242055787742596e+00
977,11, 977,11,  1.242055787742596e+00
978,11, 978,11,  1.256660991281640e+00
979,11, 979,11,  3.510134857162522e-01
980,11, 980,11,  3.510134857162516e-01
981,11, 981,11,  3.510132856386749e-01
982,11, 982,11,  3.510132856386749e-01
983,11, 983,11,  4.300487412156865e-02
984,11, 984,11,  4.300489863434743e-02
985,11, 985,11,  2.514759602738718e+00
986,11, 986,11,  2.515947955084156e+00
987,11, 987,11,  2.517138260905100e+00
988,11, 988,11,  2.518324923584527e+00
989,11, 989,11,  2.519513353436706e+00
990,11, 990,11,  2.520701840858329e+00
991,11, 991,11,  2.521890207656961e+00
992,11, 992,11,  2.523080587559246e+00
993,11, 993,11,  2.524267176305892e+00
994,11, 994,11,  2.525455591425598e+00
995,11, 995,11,  2.526645977449784e+00
996,11, 996,11,  2.527833393152136e+00
997,11, 997,11,  2.529020936520899e+00
998,11, 998,11,  2.530209413855268e+00
999,11, 999,11,  2.531397827970382e+00
1000,11, 1000,11,  2.532587269013736e+00
1001,11, 1001,11,  2.533775631965065e+00
1002,11, 1002,11,  2.534963680148465e+00
1003,11, 1003,11,  2.536152169698197e+00
1004,11, 1004,11,  2.537340585137711e+00
1005,11, 1005,11,  2.538529222140612e+00
1006,11, 1006,11,  2.539717437464325e+00
1007,11, 1007,11,  2.540905925472378e+00
1008,11, 1008,11,  2.542094355160031e+00
1009,11, 1009,11,  1.484373837525410e+00
1010,11, 1010,11,  1.483185500312103e+00
1011,11, 1011,11,  1.481997008873290e+00
1012,11, 1012,11,  1.480808635876559e+00
1013,11, 1013,11,  1.479620169166083e+00
1014,11, 1014,11,  1.478431721994956e+00
1015,11, 1015,11,  1.477243193075933e+00
1016,11, 1016,11,  1.476055109332989e+00
1017,11, 1017,11,  1.474866654754207e+00
1018,11, 1018,11,  1.473677591183363e+00
1019,11, 1019,11,  1.472489099954252e+00
1020,11, 1020,11,  1.471300721490379e+00
1021,11, 1021,11,  1.470112781476446e+00
1022,11, 1022,11,  1.468924881560089e+00
1023,11, 1023,11,  1.467735438995636e+00
1024,11, 1024,11,  1.466546946761926e+00
1025,11, 1025,11,  1.465359494253389e+00
1026,11, 1026,11,  1.464169904210741e+00
1027,11, 1027,11,  1.462981603443446e+00
1028,11, 1028,11,  1.461793112591064e+00
1029,11, 1029,11,  1.460604620985226e+00
1030,11, 1030,11,  1.459417342255755e+00
1031,11, 1031,11,  1.458227756669740e+00
1032,11, 1032,11,  1.457039277666712e+00
1033,11, 1033,11,  2.542094355160032e+00
1034,11, 1034,11,  2.540905925472377e+00
1035,11, 1035,11,  2.539717437464324e+00
1036,11, 1036,11,  2.538529222140612e+00
1037,11, 1037,11,  2.537340585137711e+00
1038,11, 1038,11,  2.536152169698196e+00
1039,11, 1039,11,  2.534963680148465e+00
1040,11, 1040,11,  2.533775631965067e+00
1041,11, 1041,11,  2.532587269013737e+00
1042,11, 1042,11,  2.531397827970384e+00
1043,11, 1043,11,  2.530209413855268e+00
1044,11, 1044,11,  2.529020936520897e+00
1045,11, 1045,11,  2.527833393152137e+00
1046,11, 1046,11,  2.526645977449788e+00
1047,11, 1047,11,  2.525455591425601e+00
1048,11, 1048,11,  2.524267176305895e+00
1049,11, 1049,11,  2.523080587559246e+00
1050,11, 1050,11,  2.521890207656964e+00
1051,11, 1051,11,  2.520701840858337e+00
1052,11, 1052,11,  2.519513353436711e+00
1053,11, 1053,11,  2.518324923584528e+00
1054,11, 1054,11,  2.517138260905099e+00
1055,11, 1055,11,  2.515947955084157e+00
1056,11, 1056,11,  2.514759602738721e+00
1057,11, 1057,11,  1.743313890090690e+00
1058,11, 1058,11,  1.744502361936852e+00
1059,11, 1059,11,  1.745692162228869e+00
1060,11, 1060,11,  1.746879233409204e+00
1061,11, 1061,11,  1.748067725015042e+00
1062,11, 1062,11,  1.749256215867423e+00
1063,11, 1063,11,  1.750444509477851e+00
1064,11, 1064,11,  1.751634314226502e+00
1065,11, 1065,11,  1.752821559185904e+00
1066,11, 1066,11,  1.754010051419615e+00
1067,11, 1067,11,  1.755199708690068e+00
1068,11, 1068,11,  1.756387494096557e+00
1069,11, 1069,11,  1.757575326757491e+00
1070,11, 1070,11,  1.758763712378231e+00
1071,11, 1071,11,  1.759952203607340e+00
1072,11, 1072,11,  1.761141374531185e+00
1073,11, 1073,11,  1.762329821953099e+00
1074,11, 1074,11,  1.763517855597976e+00
1075,11, 1075,11,  1.764706391673866e+00
1076,11, 1076,11,  1.765894830256754e+00
1077,11, 1077,11,  1.767083322016263e+00
1078,11, 1078,11,  1.768271672111020e+00
1079,11, 1079,11,  1.769460163549833e+00
1080,11, 1080,11,  1.770648500763141e+00
1081,11, 1081,11,  5.117778411238126e-01
1082,11, 1082,11,  5.117778411238127e-01
1083,11, 1083,11,  5.117778411238125e-01
1084,11, 1084,11,  5.117778820660409e-01
1085,11, 1085,11,  5.117778372854787e-01
1086,11, 1086,11,  5.117778526388146e-01
1087,11, 1087,11,  5.117778398443683e-01
1088,11, 1088,11,  5.117779294054920e-01
1089,11, 1089,11,  5.117779421999384e-01
1090,11, 1090,11,  5.117777502832438e-01
1091,11, 1091,11,  5.117777502832438e-01
1092,11, 1092,11,  5.117777374887982e-01
1093,11, 1093,11,  5.117779294054924e-01
1094,11, 1094,11,  5.117781341166329e-01
1095,11, 1095,11,  5.117777502832439e-01
1096,11, 1096,11,  5.117777502832442e-01
1097,11, 1097,11,  5.117781213221871e-01
1098,11, 1098,11,  5.117777374887968e-01
1099,11, 1099,11,  5.117777502832441e-01
1100,11, 1100,11,  5.117777502832446e-01
1101,11, 1101,11,  5.117777502832435e-01
1102,11, 1102,11,  5.117781213221866e-01
1103,11, 1103,11,  5.117777374887976e-01
1104,11, 1104,11,  5.117777502832438e-01
1105,11, 1105,11,  1.835710708511533e+00
1106,11, 1106,11,  1.834522247680689e+00
1107,11, 1107,11,  1.833335204713131e+00
1108,11, 1108,11,  1.832145387942093e+00
1109,11, 1109,11,  1.830956958089919e+00
1110,11, 1110,11,  1.829768470668294e+00
1111,11, 1111,11,  1.828579995107879e+00
1112,11, 1112,11,  1.827392878058986e+00
1113,11, 1113,11,  1.826203135220733e+00
1114,11, 1114,11,  1.825014720101024e+00
1115,11, 1115,11,  1.823827596930220e+00
1116,11, 1116,11,  1.822638441039403e+00
1117,11, 1117,11,  1.821449266243954e+00
1118,11, 1118,11,  1.820260897671355e+00
1119,11, 1119,11,  1.819072483556240e+00
1120,11, 1120,11,  1.817884673939581e+00
1121,11, 1121,11,  1.816696202226471e+00
1122,11, 1122,11,  1.815507392710618e+00
1123,11, 1123,11,  1.814319011922664e+00
1124,11, 1124,11,  1.813130465969014e+00
1125,11, 1125,11,  1.811942209632344e+00
1126,11, 1126,11,  1.810753646270936e+00
1127,11, 1127,11,  1.809565158262883e+00
1128,11, 1128,11,  1.808376728575229e+00
1129,11, 1129,11,  1.604407168359900e-01
1130,11, 1130,11,  1.604407128249715e-01
1131,11, 1131,11,  1.604408331555331e-01
1132,11, 1132,11,  1.604407168359901e-01
1133,11, 1133,11,  1.604407168359904e-01
1134,11, 1134,11,  1.604407168359898e-01
1135,11, 1135,11,  1.604407128249709e-01
1136,11, 1136,11,  1.604408331555330e-01
1137,11, 1137,11,  1.604407168359900e-01
1138,11, 1138,11,  1.604407168359903e-01
1139,11, 1139,11,  1.604408371665516e-01
1140,11, 1140,11,  1.604407729902519e-01
1141,11, 1141,11,  1.604407128249714e-01
1142,11, 1142,11,  1.604407168359901e-01
1143,11, 1143,11,  1.604407168359900e-01
1144,11, 1144,11,  1.604407770012709e-01
1145,11, 1145,11,  1.604407729902521e-01
1146,11, 1146,11,  1.604407449131212e-01
1147,11, 1147,11,  1.604407489241399e-01
1148,11, 1148,11,  1.604407441109173e-01
1149,11, 1149,11,  1.604407581494830e-01
1150,11, 1150,11,  1.604407453142231e-01
1151,11, 1151,11,  1.604407453142230e-01
1152,11, 1152,11,  1.604407453142230e-01
1153,11, 1153,11,  1.457039632765639e+00
1154,11, 1154,11,  1.458228062453293e+00
1155,11, 1155,11,  1.459416550461346e+00
1156,11, 1156,11,  1.460605085715786e+00
1157,11, 1157,11,  1.461793372794452e+00
1158,11, 1158,11,  1.462981908207990e+00
1159,11, 1159,11,  1.464170297779371e+00
1160,11, 1160,11,  1.465359045811230e+00
1161,11, 1161,11,  1.466547508740912e+00
1162,11, 1162,11,  1.467735450108986e+00
1163,11, 1163,11,  1.468923864224102e+00
1164,11, 1164,11,  1.470112241580127e+00
1165,11, 1165,11,  1.471301284624163e+00
1166,11, 1166,11,  1.472490299980139e+00
1167,11, 1167,11,  1.473677686653770e+00
1168,11, 1168,11,  1.474866101773479e+00
1169,11, 1169,11,  1.476055589892333e+00
1170,11, 1170,11,  1.477242970444054e+00
1171,11, 1171,11,  1.478431437221039e+00
1172,11, 1172,11,  1.479619924642664e+00
1173,11, 1173,11,  1.480808354494839e+00
1174,11, 1174,11,  1.481997916546476e+00
1175,11, 1175,11,  1.483185223016863e+00
1176,11, 1176,11,  1.484373675064278e+00
1177,11, 1177,11,  7.004345259760661e-02
1178,11, 1178,11,  7.004345084652000e-02
1179,11, 1179,11,  7.004350337912003e-02
1180,11, 1180,11,  7.004345259760664e-02
1181,11, 1181,11,  7.004345259760658e-02
1182,11, 1182,11,  7.004345259760653e-02
1183,11, 1183,11,  7.004345084651992e-02
1184,11, 1184,11,  7.004350337911999e-02
1185,11, 1185,11,  7.004345259760653e-02
1186,11, 1186,11,  7.004345259760653e-02
1187,11, 1187,11,  7.004350513020645e-02
1188,11, 1188,11,  7.004347711281991e-02
1189,11, 1189,11,  7.004345084652010e-02
1190,11, 1190,11,  7.004345259760660e-02
1191,11, 1191,11,  7.004345259760653e-02
1192,11, 1192,11,  7.004347886390654e-02
1193,11, 1193,11,  7.004347711281987e-02
1194,11, 1194,11,  7.004346485521329e-02
1195,11, 1195,11,  7.004346660629995e-02
1196,11, 1196,11,  7.004346450499596e-02
1197,11, 1197,11,  7.004347063379932e-02
1198,11, 1198,11,  7.004346503032197e-02
1199,11, 1199,11,  7.004346503032198e-02
1200,11, 1200,11,  7.004346503032197e-02
1201,11, 1201,11,  7.720700345526064e-01
1202,11, 1202,11,  7.720700345526063e-01
1203,11, 1203,11,  7.720700345526060e-01
1204,11, 1204,11,  7.720700963182103e-01
1205,11, 1205,11,  7.720700287620804e-01
1206,11, 1206,11,  7.720700519241824e-01
1207,11, 1207,11,  7.720700326224311e-01
1208,11, 1208,11,  7.720701677346899e-01
1209,11, 1209,11,  7.720701870364415e-01
1210,11, 1210,11,  7.720698975101723e-01
1211,11, 1211,11,  7.720698975101730e-01
1212,11, 1212,11,  7.720698782084219e-01
1213,11, 1213,11,  7.720701677346897e-01
1214,11, 1214,11,  7.720704765627099e-01
1215,11, 1215,11,  7.720698975101724e-01
1216,11, 1216,11,  7.720698975101721e-01
1217,11, 1217,11,  7.720704572609595e-01
1218,11, 1218,11,  7.720698782084192e-01
1219,11, 1219,11,  7.720698975101714e-01
1220,11, 1220,11,  7.720698975101727e-01
1221,11, 1221,11,  7.720698975101723e-01
1222,11, 1222,11,  7.720704572609614e-01
1223,11, 1223,11,  7.720698782084224e-01
1224,11, 1224,11,  7.720698975101732e-01
1225,11, 1225,11,  3.563181652851418e-01
1226,11, 1226,11,  3.563181652851418e-01
1227,11, 1227,11,  3.563181652851419e-01
1228,11, 1228,11,  3.563181937905958e-01
1229,11, 1229,11,  3.563181626127552e-01
1230,11, 1230,11,  3.563181733023008e-01
1231,11, 1231,11,  3.563181643943465e-01
1232,11, 1232,11,  3.563182267500265e-01
1233,11, 1233,11,  3.563182356579809e-01
1234,11, 1234,11,  3.563181020386655e-01
1235,11, 1235,11,  3.563181020386658e-01
1236,11, 1236,11,  3.563180931307123e-01
1237,11, 1237,11,  3.563182267500267e-01
1238,11, 1238,11,  3.563183692772953e-01
1239,11, 1239,11,  3.563181020386658e-01
1240,11, 1240,11,  3.563181020386659e-01
1241,11, 1241,11,  3.563183603693416e-01
1242,11, 1242,11,  3.563180931307113e-01
1243,11, 1243,11,  3.563181020386658e-01
1244,11, 1244,11,  3.563181020386660e-01
1245,11, 1245,11,  3.563181020386653e-01
1246,11, 1246,11,  3.563183603693408e-01
1247,11, 1247,11,  3.563180931307114e-01
1248,11, 1248,11,  3.563181020386657e-01
1249,11, 1249,11,  1.058344546951232e+00
1250,11, 1250,11,  1.058344520492613e+00
1251,11, 1251,11,  1.058345314251182e+00
1252,11, 1252,11,  1.058344546951231e+00
1253,11, 1253,11,  1.058344546951232e+00
1254,11, 1254,11,  1.058344546951231e+00
1255,11, 1255,11,  1.058344520492611e+00
1256,11, 1256,11,  1.058345314251181e+00
1257,11, 1257,11,  1.058344546951231e+00
1258,11, 1258,11,  1.058344546951231e+00
1259,11, 1259,11,  1.058345340709799e+00
1260,11, 1260,11,  1.058344917371896e+00
1261,11, 1261,11,  1.058344520492613e+00
1262,11, 1262,11,  1.058344546951231e+00
1263,11, 1263,11,  1.058344546951231e+00
1264,11, 1264,11,  1.058344943830516e+00
1265,11, 1265,11,  1.058344917371897e+00
1266,11, 1266,11,  1.058344732161564e+00
1267,11, 1267,11,  1.058344758620183e+00
1268,11, 1268,11,  1.058344726869840e+00
1269,11, 1269,11,  1.058344819475006e+00
1270,11, 1270,11,  1.058344734807426e+00
1271,11, 1271,11,  1.058344734807426e+00
1272,11, 1272,11,  1.058344734807426e+00
1273,11, 1273,11,  9.326991368021131e-01
1274,11, 1274,11,  9.326991134846312e-01
1275,11, 1275,11,  9.326998130091226e-01
1276,11, 1276,11,  9.326991368021117e-01
1277,11, 1277,11,  9.326991368021135e-01
1278,11, 1278,11,  9.326991368021139e-01
1279,11, 1279,11,  9.326991134846284e-01
1280,11, 1280,11,  9.326998130091220e-01
1281,11, 1281,11,  9.326991368021138e-01
1282,11, 1282,11,  9.326991368021125e-01
1283,11, 1283,11,  9.326998363266044e-01
1284,11, 1284,11,  9.326994632468764e-01
1285,11, 1285,11,  9.326991134846305e-01
1286,11, 1286,11,  9.326991368021127e-01
1287,11, 1287,11,  9.326991368021130e-01
1288,11, 1288,11,  9.326994865643592e-01
1289,11, 1289,11,  9.326994632468759e-01
1290,11, 1290,11,  9.326993000244949e-01
1291,11, 1291,11,  9.326993233419776e-01
1292,11, 1292,11,  9.326992953609976e-01
1293,11, 1293,11,  9.326993769721887e-01
1294,11, 1294,11,  9.326993023562427e-01
1295,11, 1295,11,  9.326993023562428e-01
1296,11, 1296,11,  9.326993023562427e-01
1297,11, 1297,11,  4.953524130884750e-01
1298,11, 1298,11,  4.953524130884751e-01
1299,11, 1299,11,  4.953524130884750e-01
1300,11, 1300,11,  4.953524527166692e-01
1301,11, 1301,11,  4.953524093733317e-01
1302,11, 1302,11,  4.953524242339046e-01
1303,11, 1303,11,  4.953524118500943e-01
1304,11, 1304,11,  4.953524985367680e-01
1305,11, 1305,11,  4.953525109205785e-01
1306,11, 1306,11,  4.953523251634199e-01
1307,11, 1307,11,  4.953523251634201e-01
1308,11, 1308,11,  4.953523127796097e-01
1309,11, 1309,11,  4.953524985367683e-01
1310,11, 1310,11,  4.953526966777375e-01
1311,11, 1311,11,  4.953523251634199e-01
1312,11, 1312,11,  4.953523251634206e-01
1313,11, 1313,11,  4.953526842939273e-01
1314,11, 1314,11,  4.953523127796082e-01
1315,11, 1315,11,  4.953523251634205e-01
1316,11, 1316,11,  4.953523251634205e-01
1317,11, 1317,11,  4.953523251634199e-01
1318,11, 1318,11,  4.953526842939273e-01
1319,11, 1319,11,  4.953523127796086e-01
1320,11, 1320,11,  4.953523251634195e-01
1321,11, 1321,11,  5.813621611165880e-01
1322,11, 1322,11,  5.813621611165881e-01
1323,11, 1323,11,  5.813621611165882e-01
1324,11, 1324,11,  5.813622076255622e-01
1325,11, 1325,11,  5.813621567563715e-01
1326,11, 1326,11,  5.813621741972369e-01
1327,11, 1327,11,  5.813621596631827e-01
1328,11, 1328,11,  5.813622614015628e-01
1329,11, 1329,11,  5.813622759356175e-01
1330,11, 1330,11,  5.813620579248022e-01
1331,11, 1331,11,  5.813620579248019e-01
1332,11, 1332,11,  5.813620433907484e-01
1333,11, 1333,11,  5.813622614015633e-01
1334,11, 1334,11,  5.813624939464321e-01
1335,11, 1335,11,  5.813620579248018e-01
1336,11, 1336,11,  5.813620579248024e-01
1337,11, 1337,11,  5.813624794123782e-01
1338,11, 1338,11,  5.813620433907473e-01
1339,11, 1339,11,  5.813620579248031e-01
1340,11, 1340,11,  5.813620579248027e-01
1341,11, 1341,11,  5.813620579248016e-01
1342,11, 1342,11,  5.813624794123781e-01
1343,11, 1343,11,  5.813620433907476e-01
1344,11, 1344,11,  5.813620579248022e-01
1345,11, 1345,11,  4.953523251634203e-01
1346,11, 1346,11,  4.953523127796092e-01
1347,11, 1347,11,  4.953526842939266e-01
1348,11, 1348,11,  4.953523251634193e-01
1349,11, 1349,11,  4.953523251634201e-01
1350,11, 1350,11,  4.953523251634201e-01
1351,11, 1351,11,  4.953523127796086e-01
1352,11, 1352,11,  4.953526842939271e-01
1353,11, 1353,11,  4.953523251634199e-01
1354,11, 1354,11,  4.953523251634191e-01
1355,11, 1355,11,  4.953526966777370e-01
1356,11, 1356,11,  4.953524985367683e-01
1357,11, 1357,11,  4.953523127796096e-01
1358,11, 1358,11,  4.953523251634194e-01
1359,11, 1359,11,  4.953523251634198e-01
1360,11, 1360,11,  4.953525109205787e-01
1361,11, 1361,11,  4.953524985367679e-01
1362,11, 1362,11,  4.953524118500942e-01
1363,11, 1363,11,  4.953524242339046e-01
1364,11, 1364,11,  4.953524093733318e-01
1365,11, 1365,11,  4.953524527166693e-01
1366,11, 1366,11,  4.953524130884752e-01
1367,11, 1367,11,  4.953524130884752e-01
1368,11, 1368,11,  4.953524130884752e-01
1369,11, 1369,11,  4.373468116386932e-01
1370,11, 1370,11,  4.373468007050205e-01
1371,11, 1371,11,  4.373471287151950e-01
1372,11, 1372,11,  4.373468116386928e-01
1373,11, 1373,11,  4.373468116386936e-01
1374,11, 1374,11,  4.373468116386938e-01
1375,11, 1375,11,  4.373468007050201e-01
1376,11, 1376,11,  4.373471287151949e-01
1377,11, 1377,11,  4.373468116386935e-01
1378,11, 1378,11,  4.373468116386928e-01
1379,11, 1379,11,  4.373471396488670e-01
1380,11, 1380,11,  4.373469647101081e-01
1381,11, 1381,11,  4.373468007050211e-01
1382,11, 1382,11,  4.373468116386929e-01
1383,11, 1383,11,  4.373468116386932e-01
1384,11, 1384,11,  4.373469756437804e-01
1385,11, 1385,11,  4.373469647101077e-01
1386,11, 1386,11,  4.373468881744006e-01
1387,11, 1387,11,  4.373468991080729e-01
1388,11, 1388,11,  4.373468859876659e-01
1389,11, 1389,11,  4.373469242555198e-01
1390,11, 1390,11,  4.373468892677677e-01
1391,11, 1391,11,  4.373468892677677e-01
1392,11, 1392,11,  4.373468892677677e-01
1393,11, 1393,11,  3.513371108742724e-01
1394,11, 1394,11,  3.513370881592398e-01
1395,11, 1395,11,  3.513372884213841e-01
1396,11, 1396,11,  3.513373111364297e-01
1397,11, 1397,11,  3.513370881592398e-01
1398,11, 1398,11,  3.513371108742724e-01
1399,11, 1399,11,  3.513373111364297e-01
1400,11, 1400,11,  3.513372884213841e-01
1401,11, 1401,11,  2.862746755126571e-01
1402,11, 1402,11,  2.862746570041125e-01
1403,11, 1403,11,  2.862746570041125e-01
1404,11, 1404,11,  2.862746755126571e-01
1405,11, 1405,11,  2.862748201806701e-01
1406,11, 1406,11,  2.862748386892253e-01
1407,11, 1407,11,  2.862748386892260e-01
1408,11, 1408,11,  2.862748201806709e-01
1409,11, 1409,11,  4.170040820121678e-01
1410,11, 1410,11,  4.170040715870642e-01
1411,11, 1411,11,  4.170043843401883e-01
1412,11, 1412,11,  4.170040820121680e-01
1413,11, 1413,11,  4.170040820121685e-01
1414,11, 1414,11,  4.170040820121674e-01
1415,11, 1415,11,  4.170040715870629e-01
1416,11, 1416,11,  4.170043843401879e-01
1417,11, 1417,11,  4.170040820121679e-01
1418,11, 1418,11,  4.170040820121682e-01
1419,11, 1419,11,  4.170043947652916e-01
1420,11, 1420,11,  4.170042279636254e-01
1421,11, 1421,11,  4.170040715870642e-01
1422,11, 1422,11,  4.170040820121680e-01
1423,11, 1423,11,  4.170040820121677e-01
1424,11, 1424,11,  4.170042383887299e-01
1425,11, 1425,11,  4.170042279636256e-01
1426,11, 1426,11,  4.170041549878970e-01
1427,11, 1427,11,  4.170041654130012e-01
1428,11, 1428,11,  4.170041529028761e-01
1429,11, 1429,11,  4.170041893907408e-01
1430,11, 1430,11,  4.170041560304075e-01
1431,11, 1431,11,  4.170041560304075e-01
1432,11, 1432,11,  4.170041560304075e-01
1433,11, 1433,11,  1.307294927926765e-01
1434,11, 1434,11,  1.307294927926765e-01
1435,11, 1435,11,  1.307294927926765e-01
1436,11, 1436,11,  1.307295032510362e-01
1437,11, 1437,11,  1.307294918122052e-01
1438,11, 1438,11,  1.307294957340902e-01
1439,11, 1439,11,  1.307294924658529e-01
1440,11, 1440,11,  1.307295153435146e-01
1441,11, 1441,11,  1.307295186117519e-01
1442,11, 1442,11,  1.307294695881909e-01
1443,11, 1443,11,  1.307294695881910e-01
1444,11, 1444,11,  1.307294663199538e-01
1445,11, 1445,11,  1.307295153435147e-01
1446,11, 1446,11,  1.307295676353128e-01
1447,11, 1447,11,  1.307294695881909e-01
1448,11, 1448,11,  1.307294695881909e-01
1449,11, 1449,11,  1.307295643670755e-01
1450,11, 1450,11,  1.307294663199536e-01
1451,11, 1451,11,  1.307294695881912e-01
1452,11, 1452,11,  1.307294695881913e-01
1453,11, 1453,11,  1.307294695881909e-01
1454,11, 1454,11,  1.307295643670754e-01
1455,11, 1455,11,  1.307294663199537e-01
1456,11, 1456,11,  1.307294695881911e-01
1457,11, 1457,11,  2.512382752133423e+00
1458,11, 1458,11,  2.511194174926265e+00
1459,11, 1459,11,  2.510007566407365e+00
1460,11, 1460,11,  2.508817409846346e+00
1461,11, 1461,11,  2.507628918240513e+00
1462,11, 1462,11,  2.506440427388125e+00
1463,11, 1463,11,  2.505252027385254e+00
1464,11, 1464,11,  2.504065414409730e+00
1465,11, 1465,11,  2.502875084069647e+00
1466,11, 1466,11,  2.501686591835937e+00
1467,11, 1467,11,  2.500500126338598e+00
1468,11, 1468,11,  2.499310638653114e+00
1469,11, 1469,11,  2.498121210105626e+00
1470,11, 1470,11,  2.496932930877320e+00
1471,11, 1471,11,  2.495744439648210e+00
1472,11, 1472,11,  2.494556864610924e+00
1473,11, 1473,11,  2.493368310796571e+00
1474,11, 1474,11,  2.492179532404637e+00
1475,11, 1475,11,  2.490991102721183e+00
1476,11, 1476,11,  2.489802536467368e+00
1477,11, 1477,11,  2.488614417081391e+00
1478,11, 1478,11,  2.487425726530833e+00
1479,11, 1479,11,  2.486237235092022e+00
1480,11, 1480,11,  2.485048897878714e+00
1481,11, 1481,11,  2.485048897878714e+00
1482,11, 1482,11,  2.486237235092022e+00
1483,11, 1483,11,  2.487425726530834e+00
1484,11, 1484,11,  2.488614417081392e+00
1485,11, 1485,11,  2.489802536467367e+00
1486,11, 1486,11,  2.490991102721182e+00
1487,11, 1487,11,  2.492179532404636e+00
1488,11, 1488,11,  2.493368310796571e+00
1489,11, 1489,11,  2.494556864610924e+00
1490,11, 1490,11,  2.495744439648210e+00
1491,11, 1491,11,  2.496932930877320e+00
1492,11, 1492,11,  2.498121210105625e+00
1493,11, 1493,11,  2.499310638653113e+00
1494,11, 1494,11,  2.500500126338598e+00
1495,11, 1495,11,  2.501686591835937e+00
1496,11, 1496,11,  2.502875084069647e+00
1497,11, 1497,11,  2.504065414409729e+00
1498,11, 1498,11,  2.505252027385251e+00
1499,11, 1499,11,  2.506440427388123e+00
1500,11, 1500,11,  2.507628918240512e+00
1501,11, 1501,11,  2.508817409846344e+00
1502,11, 1502,11,  2.510007566407366e+00
1503,11, 1503,11,  2.511194174926266e+00
1504,11, 1504,11,  2.512382752133422e+00
1505,11, 1505,11,  7.020264449125644e-01
1506,11, 1506,11,  7.020264273619002e-01
1507,11, 1507,11,  7.020269538818399e-01
1508,11, 1508,11,  7.020264449125644e-01
1509,11, 1509,11,  7.020264449125639e-01
1510,11, 1510,11,  7.020264449125633e-01
1511,11, 1511,11,  7.020264273618992e-01
1512,11, 1512,11,  7.020269538818394e-01
1513,11, 1513,11,  7.020264449125635e-01
1514,11, 1514,11,  7.020264449125634e-01
1515,11, 1515,11,  7.020269714325020e-01
1516,11, 1516,11,  7.020266906218691e-01
1517,11, 1517,11,  7.020264273619012e-01
1518,11, 1518,11,  7.020264449125642e-01
1519,11, 1519,11,  7.020264449125634e-01
1520,11, 1520,11,  7.020267081725333e-01
1521,11, 1521,11,  7.020266906218686e-01
1522,11, 1522,11,  7.020265677672169e-01
1523,11, 1523,11,  7.020265853178815e-01
1524,11, 1524,11,  7.020265642570840e-01
1525,11, 1525,11,  7.020266256844105e-01
1526,11, 1526,11,  7.020265695222835e-01
1527,11, 1527,11,  7.020265695222836e-01
1528,11, 1528,11,  7.020265695222836e-01
1529,11, 1529,11,  7.020265695222836e-01
1530,11, 1530,11,  7.020265695222836e-01
1531,11, 1531,11,  7.020265695222836e-01
1532,11, 1532,11,  7.020266256844103e-01
1533,11, 1533,11,  7.020265642570838e-01
1534,11, 1534,11,  7.020265853178818e-01
1535,11, 1535,11,  7.020265677672175e-01
1536,11, 1536,11,  7.020266906218700e-01
1537,11, 1537,11,  7.020267081725342e-01
1538,11, 1538,11,  7.020264449125641e-01
1539,11, 1539,11,  7.020264449125646e-01
1540,11, 1540,11,  7.020264273619010e-01
1541,11, 1541,11,  7.020266906218702e-01
1542,11, 1542,11,  7.020269714325035e-01
1543,11, 1543,11,  7.020264449125642e-01
1544,11, 1544,11,  7.020264449125642e-01
1545,11, 1545,11,  7.020269538818393e-01
1546,11, 1546,11,  7.020264273619000e-01
1547,11, 1547,11,  7.020264449125657e-01
1548,11, 1548,11,  7.020264449125662e-01
1549,11, 1549,11,  7.020264449125639e-01
1550,11, 1550,11,  7.020269538818387e-01
1551,11, 1551,11,  7.020264273619006e-01
1552,11, 1552,11,  7.020264449125648e-01
1553,11, 1553,11,  8.600973276138242e-02
1554,11, 1554,11,  8.600973061113858e-02
1555,11, 1555,11,  8.600979511845092e-02
1556,11, 1556,11,  8.600973276138224e-02
1557,11, 1557,11,  8.600973276138238e-02
1558,11, 1558,11,  8.600973276138238e-02
1559,11, 1559,11,  8.600973061113848e-02
1560,11, 1560,11,  8.600979511845100e-02
1561,11, 1561,11,  8.600973276138235e-02
1562,11, 1562,11,  8.600973276138221e-02
1563,11, 1563,11,  8.600979726869462e-02
1564,11, 1564,11,  8.600976286479481e-02
1565,11, 1565,11,  8.600973061113865e-02
1566,11, 1566,11,  8.600973276138227e-02
1567,11, 1567,11,  8.600973276138232e-02
1568,11, 1568,11,  8.600976501503854e-02
1569,11, 1569,11,  8.600976286479474e-02
1570,11, 1570,11,  8.600974781308859e-02
1571,11, 1571,11,  8.600974996333230e-02
1572,11, 1572,11,  8.600974738303979e-02
1573,11, 1573,11,  8.600975490889298e-02
1574,11, 1574,11,  8.600974802811295e-02
1575,11, 1575,11,  8.600974802811295e-02
1576,11, 1576,11,  8.600974802811295e-02
1577,11, 1577,11,  7.026740952671825e-01
1578,11, 1578,11,  7.026740777003266e-01
1579,11, 1579,11,  7.026746047060036e-01
1580,11, 1580,11,  7.026740952671821e-01
1581,11, 1581,11,  7.026740952671833e-01
1582,11, 1582,11,  7.026740952671836e-01
1583,11, 1583,11,  7.026740777003259e-01
1584,11, 1584,11,  7.026746047060037e-01
1585,11, 1585,11,  7.026740952671833e-01
1586,11, 1586,11,  7.026740952671823e-01
1587,11, 1587,11,  7.026746222728588e-01
1588,11, 1588,11,  7.026743412031657e-01
1589,11, 1589,11,  7.026740777003274e-01
1590,11, 1590,11,  7.026740952671824e-01
1591,11, 1591,11,  7.026740952671827e-01
1592,11, 1592,11,  7.026743587700210e-01
1593,11, 1593,11,  7.026743412031649e-01
1594,11, 1594,11,  7.026742182351742e-01
1595,11, 1595,11,  7.026742358020300e-01
1596,11, 1596,11,  7.026742147218026e-01
1597,11, 1597,11,  7.026742762057985e-01
1598,11, 1598,11,  7.026742199918595e-01
1599,11, 1599,11,  7.026742199918596e-01
1600,11, 1600,11,  7.026742199918594e-01
1601,11, 1601,11,  7.026740498371253e-01
1602,11, 1602,11,  7.026740322702706e-01
1603,11, 1603,11,  7.026745592759136e-01
1604,11, 1604,11,  7.026740498371249e-01
1605,11, 1605,11,  7.026740498371262e-01
1606,11, 1606,11,  7.026740498371264e-01
1607,11, 1607,11,  7.026740322702699e-01
1608,11, 1608,11,  7.026745592759137e-01
1609,11, 1609,11,  7.026740498371262e-01
1610,11, 1610,11,  7.026740498371251e-01
1611,11, 1611,11,  7.026745768427677e-01
1612,11, 1612,11,  7.026742957730925e-01
1613,11, 1613,11,  7.026740322702714e-01
1614,11, 1614,11,  7.026740498371252e-01
1615,11, 1615,11,  7.026740498371254e-01
1616,11, 1616,11,  7.026743133399469e-01
1617,11, 1617,11,  7.026742957730918e-01
1618,11, 1618,11,  7.026741728051090e-01
1619,11, 1619,11,  7.026741903719637e-01
1620,11, 1620,11,  7.026741692917379e-01
1621,11, 1621,11,  7.026742307757298e-01
1622,11, 1622,11,  7.026741745617943e-01
1623,11, 1623,11,  7.026741745617944e-01
1624,11, 1624,11,  7.026741745617943e-01
1625,11, 1625,11,  7.026740952671827e-01
1626,11, 1626,11,  7.026740777003272e-01
1627,11, 1627,11,  7.026746047060036e-01
1628,11, 1628,11,  7.026740952671817e-01
1629,11, 1629,11,  7.026740952671831e-01
1630,11, 1630,11,  7.026740952671829e-01
1631,11, 1631,11,  7.026740777003255e-01
1632,11, 1632,11,  7.026746047060035e-01
1633,11, 1633,11,  7.026740952671828e-01
1634,11, 1634,11,  7.026740952671823e-01
1635,11, 1635,11,  7.026746222728588e-01
1636,11, 1636,11,  7.026743412031654e-01
1637,11, 1637,11,  7.026740777003271e-01
1638,11, 1638,11,  7.026740952671823e-01
1639,11, 1639,11,  7.026740952671826e-01
1640,11, 1640,11,  7.026743587700209e-01
1641,11, 1641,11,  7.026743412031646e-01
1642,11, 1642,11,  7.026742182351740e-01
1643,11, 1643,11,  7.026742358020299e-01
1644,11, 1644,11,  7.026742147218026e-01
1645,11, 1645,11,  7.026742762057985e-01
1646,11, 1646,11,  7.026742199918595e-01
1647,11, 1647,11,  7.026742199918594e-01
1648,11, 1648,11,  7.026742199918594e-01
1649,11, 1649,11,  7.026740498371256e-01
1650,11, 1650,11,  7.026740322702711e-01
1651,11, 1651,11,  7.026745592759136e-01
1652,11, 1652,11,  7.026740498371247e-01
1653,11, 1653,11,  7.026740498371260e-01
1654,11, 1654,11,  7.026740498371260e-01
1655,11, 1655,11,  7.026740322702697e-01
1656,11, 1656,11,  7.026745592759135e-01
1657,11, 1657,11,  7.026740498371259e-01
1658,11, 1658,11,  7.026740498371252e-01
1659,11, 1659,11,  7.026745768427678e-01
1660,11, 1660,11,  7.026742957730925e-01
1661,11, 1661,11,  7.026740322702714e-01
1662,11, 1662,11,  7.026740498371252e-01
1663,11, 1663,11,  7.026740498371256e-01
1664,11, 1664,11,  7.026743133399468e-01
1665,11, 1665,11,  7.026742957730917e-01
1666,11, 1666,11,  7.026741728051090e-01
1667,11, 1667,11,  7.026741903719638e-01
1668,11, 1668,11,  7.026741692917378e-01
1669,11, 1669,11,  7.026742307757297e-01
1670,11, 1670,11,  7.026741745617944e-01
1671,11, 1671,11,  7.026741745617944e-01
1672,11, 1672,11,  7.026741745617944e-01
1673,11, 1673,11,  5.725493495939412e-01
1674,11, 1674,11,  5.725493125768520e-01
1675,11, 1675,11,  5.725493495939412e-01
1676,11, 1676,11,  5.725493125768520e-01
1677,11, 1677,11,  5.725493495939411e-01
1678,11, 1678,11,  5.725493125768519e-01
1679,11, 1679,11,  5.725493953978902e-01
1680,11, 1680,11,  5.725493583807981e-01
1681,11, 1681,11,  5.725493452998207e-01
1682,11, 1682,11,  5.725493082827318e-01
1683,11, 1683,11,  5.725493624763018e-01
1684,11, 1684,11,  5.725493254592119e-01
1685,11, 1685,11,  5.725493481625681e-01
1686,11, 1686,11,  5.725493111454789e-01
1687,11, 1687,11,  5.725494483587060e-01
1688,11, 1688,11,  5.725494113416105e-01
1689,11, 1689,11,  5.725494626724402e-01
1690,11, 1690,11,  5.725494256553438e-01
1691,11, 1691,11,  5.725492479664293e-01
1692,11, 1692,11,  5.725492109493466e-01
1693,11, 1693,11,  5.725492479664295e-01
1694,11, 1694,11,  5.725492109493469e-01
1695,11, 1695,11,  5.725492336526961e-01
1696,11, 1696,11,  5.725491966356144e-01
1697,11, 1697,11,  5.725494483587060e-01
1698,11, 1698,11,  5.725494113416104e-01
1699,11, 1699,11,  5.725496773784506e-01
1700,11, 1700,11,  5.725496403613403e-01
1701,11, 1701,11,  5.725492479664300e-01
1702,11, 1702,11,  5.725492109493475e-01
1703,11, 1703,11,  5.725492479664297e-01
1704,11, 1704,11,  5.725492109493471e-01
1705,11, 1705,11,  5.725496630647171e-01
1706,11, 1706,11,  5.725496260476077e-01
1707,11, 1707,11,  5.725492336526949e-01
1708,11, 1708,11,  5.725491966356132e-01
1709,11, 1709,11,  5.725492479664298e-01
1710,11, 1710,11,  5.725492109493473e-01
1711,11, 1711,11,  5.725492479664303e-01
1712,11, 1712,11,  5.725492109493477e-01
1713,11, 1713,11,  5.725492479664291e-01
1714,11, 1714,11,  5.725492109493465e-01
1715,11, 1715,11,  5.725496630647164e-01
1716,11, 1716,11,  5.725496260476071e-01
1717,11, 1717,11,  5.725492336526952e-01
1718,11, 1718,11,  5.725491966356134e-01
1719,11, 1719,11,  5.725492479664299e-01
1720,11, 1720,11,  5.725492109493473e-01
1721,11, 1721,11,  5.725493495939412e-01
1722,11, 1722,11,  5.725493125768520e-01
1723,11, 1723,11,  5.725493495939412e-01
1724,11, 1724,11,  5.725493125768520e-01
1725,11, 1725,11,  5.725493495939413e-01
1726,11, 1726,11,  5.725493125768522e-01
1727,11, 1727,11,  5.725493953978904e-01
1728,11, 1728,11,  5.725493583807983e-01
1729,11, 1729,11,  5.725493452998206e-01
1730,11, 1730,11,  5.725493082827318e-01
1731,11, 1731,11,  5.725493624763019e-01
1732,11, 1732,11,  5.725493254592119e-01
1733,11, 1733,11,  5.725493481625679e-01
1734,11, 1734,11,  5.725493111454788e-01
1735,11, 1735,11,  5.725494483587058e-01
1736,11, 1736,11,  5.725494113416103e-01
1737,11, 1737,11,  5.725494626724401e-01
1738,11, 1738,11,  5.725494256553436e-01
1739,11, 1739,11,  5.725492479664289e-01
1740,11, 1740,11,  5.725492109493463e-01
1741,11, 1741,11,  5.725492479664291e-01
1742,11, 1742,11,  5.725492109493466e-01
1743,11, 1743,11,  5.725492336526958e-01
1744,11, 1744,11,  5.725491966356141e-01
1745,11, 1745,11,  5.725494483587057e-01
1746,11, 1746,11,  5.725494113416101e-01
1747,11, 1747,11,  5.725496773784502e-01
1748,11, 1748,11,  5.725496403613399e-01
1749,11, 1749,11,  5.725492479664295e-01
1750,11, 1750,11,  5.725492109493469e-01
1751,11, 1751,11,  5.725492479664293e-01
1752,11, 1752,11,  5.725492109493466e-01
1753,11, 1753,11,  5.725496630647169e-01
1754,11, 1754,11,  5.725496260476075e-01
1755,11, 1755,11,  5.725492336526939e-01
1756,11, 1756,11,  5.725491966356123e-01
1757,11, 1757,11,  5.725492479664286e-01
1758,11, 1758,11,  5.725492109493460e-01
1759,11, 1759,11,  5.725492479664298e-01
1760,11, 1760,11,  5.725492109493472e-01
1761,11, 1761,11,  5.725492479664287e-01
1762,11, 1762,11,  5.725492109493461e-01
1763,11, 1763,11,  5.725496630647166e-01
1764,11, 1764,11,  5.725496260476071e-01
1765,11, 1765,11,  5.725492336526952e-01
1766,11, 1766,11,  5.725491966356135e-01
1767,11, 1767,11,  5.725492479664288e-01
1768,11, 1768,11,  5.725492109493461e-01
1769,11, 1769,11,  3.046895980086928e+00
1770,11, 1770,11,  3.046897716817675e+00
1771,11, 1771,11,  6.445578876705187e-01
1772,11, 1772,11,  6.445575202727264e-01
1773,11, 1773,11,  3.046897716817673e+00
1774,11, 1774,11,  6.445578876705191e-01
1775,11, 1775,11,  6.445575202727266e-01
1776,11, 1776,11,  3.046895980086929e+00
1777,11, 1777,11,  2.402340060756660e+00
1778,11, 1778,11,  2.402340060756661e+00
1779,11, 1779,11,  2.402338691423582e+00
1780,11, 1780,11,  2.402338691423581e+00
1781,11, 1781,11,  6.093791944939377e+00
1782,11, 1782,11,  6.093791944939378e+00
1783,11, 1783,11,  6.093791944939379e+00
1784,11, 1784,11,  6.093792432442745e+00
1785,11, 1785,11,  6.093791899235935e+00
1786,11, 1786,11,  6.093792082049697e+00
1787,11, 1787,11,  6.093791929704897e+00
1788,11, 1788,11,  6.093792996118507e+00
1789,11, 1789,11,  6.093793148463314e+00
1790,11, 1790,11,  6.093790863291283e+00
1791,11, 1791,11,  6.093790863291279e+00
1792,11, 1792,11,  6.093790710946486e+00
1793,11, 1793,11,  6.093792996118514e+00
1794,11, 1794,11,  6.093795433635336e+00
1795,11, 1795,11,  6.093790863291277e+00
1796,11, 1796,11,  6.093790863291284e+00
1797,11, 1797,11,  6.093795281290538e+00
1798,11, 1798,11,  6.093790710946475e+00
1799,11, 1799,11,  6.093790863291292e+00
1800,11, 1800,11,  6.093790863291288e+00
1801,11, 1801,11,  6.093790863291277e+00
1802,11, 1802,11,  6.093795281290539e+00
1803,11, 1803,11,  6.093790710946480e+00
1804,11, 1804,11,  6.093790863291284e+00
1805,11, 1805,11,  1.289114808504739e+00
1806,11, 1806,11,  1.289114776276864e+00
1807,11, 1807,11,  1.289115743113163e+00
1808,11, 1808,11,  1.289114808504738e+00
1809,11, 1809,11,  1.289114808504740e+00
1810,11, 1810,11,  1.289114808504740e+00
1811,11, 1811,11,  1.289114776276861e+00
1812,11, 1812,11,  1.289115743113162e+00
1813,11, 1813,11,  1.289114808504740e+00
1814,11, 1814,11,  1.289114808504739e+00
1815,11, 1815,11,  1.289115775341038e+00
1816,11, 1816,11,  1.289115259695014e+00
1817,11, 1817,11,  1.289114776276865e+00
1818,11, 1818,11,  1.289114808504739e+00
1819,11, 1819,11,  1.289114808504739e+00
1820,11, 1820,11,  1.289115291922889e+00
1821,11, 1821,11,  1.289115259695012e+00
1822,11, 1822,11,  1.289115034099877e+00
1823,11, 1823,11,  1.289115066327754e+00
1824,11, 1824,11,  1.289115027654301e+00
1825,11, 1825,11,  1.289115140451870e+00
1826,11, 1826,11,  1.289115037322664e+00
1827,11, 1827,11,  1.289115037322664e+00
1828,11, 1828,11,  1.289115037322664e+00
1829,11, 1829,11,  6.093790863291288e+00
1830,11, 1830,11,  6.093790710946482e+00
1831,11, 1831,11,  6.093795281290537e+00
1832,11, 1832,11,  6.093790863291277e+00
1833,11, 1833,11,  6.093790863291288e+00
1834,11, 1834,11,  6.093790863291288e+00
1835,11, 1835,11,  6.093790710946474e+00
1836,11, 1836,11,  6.093795281290541e+00
1837,11, 1837,11,  6.093790863291285e+00
1838,11, 1838,11,  6.093790863291277e+00
1839,11, 1839,11,  6.093795433635336e+00
1840,11, 1840,11,  6.093792996118514e+00
1841,11, 1841,11,  6.093790710946486e+00
1842,11, 1842,11,  6.093790863291280e+00
1843,11, 1843,11,  6.093790863291283e+00
1844,11, 1844,11,  6.093793148463313e+00
1845,11, 1845,11,  6.093792996118508e+00
1846,11, 1846,11,  6.093791929704899e+00
1847,11, 1847,11,  6.093792082049699e+00
1848,11, 1848,11,  6.093791899235936e+00
1849,11, 1849,11,  6.093792432442748e+00
1850,11, 1850,11,  6.093791944939380e+00
1851,11, 1851,11,  6.093791944939380e+00
1852,11, 1852,11,  6.093791944939379e+00
1853,11, 1853,11,  1.289115037322665e+00
1854,11, 1854,11,  1.289115037322665e+00
1855,11, 1855,11,  1.289115037322665e+00
1856,11, 1856,11,  1.289115140451870e+00
1857,11, 1857,11,  1.289115027654302e+00
1858,11, 1858,11,  1.289115066327755e+00
1859,11, 1859,11,  1.289115034099878e+00
1860,11, 1860,11,  1.289115259695013e+00
1861,11, 1861,11,  1.289115291922891e+00
1862,11, 1862,11,  1.289114808504741e+00
1863,11, 1863,11,  1.289114808504740e+00
1864,11, 1864,11,  1.289114776276866e+00
1865,11, 1865,11,  1.289115259695015e+00
1866,11, 1866,11,  1.289115775341040e+00
1867,11, 1867,11,  1.289114808504741e+00
1868,11, 1868,11,  1.289114808504742e+00
1869,11, 1869,11,  1.289115743113164e+00
1870,11, 1870,11,  1.289114776276863e+00
1871,11, 1871,11,  1.289114808504742e+00
1872,11, 1872,11,  1.289114808504742e+00
1873,11, 1873,11,  1.289114808504741e+00
1874,11, 1874,11,  1.289115743113166e+00
1875,11, 1875,11,  1.289114776276866e+00
1876,11, 1876,11,  1.289114808504741e+00
1877,11, 1877,11,  4.804676518005222e+00
1878,11, 1878,11,  4.804676397888290e+00
1879,11, 1879,11,  4.804680001396393e+00
1880,11, 1880,11,  4.804676518005211e+00
1881,11, 1881,11,  4.804676518005220e+00
1882,11, 1882,11,  4.804676518005224e+00
1883,11, 1883,11,  4.804676397888274e+00
1884,11, 1884,11,  4.804680001396387e+00
1885,11, 1885,11,  4.804676518005223e+00
1886,11, 1886,11,  4.804676518005216e+00
1887,11, 1887,11,  4.804680121513322e+00
1888,11, 1888,11,  4.804678199642337e+00
1889,11, 1889,11,  4.804676397888285e+00
1890,11, 1890,11,  4.804676518005219e+00
1891,11, 1891,11,  4.804676518005218e+00
1892,11, 1892,11,  4.804678319759274e+00
1893,11, 1893,11,  4.804678199642336e+00
1894,11, 1894,11,  4.804677358823779e+00
1895,11, 1895,11,  4.804677478940715e+00
1896,11, 1896,11,  4.804677334800387e+00
1897,11, 1897,11,  4.804677755209669e+00
1898,11, 1898,11,  4.804677370835471e+00
1899,11, 1899,11,  4.804677370835471e+00
1900,11, 1900,11,  4.804677370835471e+00
1901,11, 1901,11,  4.804677370835469e+00
1902,11, 1902,11,  4.804677370835469e+00
1903,11, 1903,11,  4.804677370835469e+00
1904,11, 1904,11,  4.804677755209669e+00
1905,11, 1905,11,  4.804677334800386e+00
1906,11, 1906,11,  4.804677478940711e+00
1907,11, 1907,11,  4.804677358823778e+00
1908,11, 1908,11,  4.804678199642330e+00
1909,11, 1909,11,  4.804678319759267e+00
1910,11, 1910,11,  4.804676518005217e+00
1911,11, 1911,11,  4.804676518005220e+00
1912,11, 1912,11,  4.804676397888284e+00
1913,11, 1913,11,  4.804678199642334e+00
1914,11, 1914,11,  4.804680121513321e+00
1915,11, 1915,11,  4.804676518005218e+00
1916,11, 1916,11,  4.804676518005224e+00
1917,11, 1917,11,  4.804680001396387e+00
1918,11, 1918,11,  4.804676397888271e+00
1919,11, 1919,11,  4.804676518005224e+00
1920,11, 1920,11,  4.804676518005224e+00
1921,11, 1921,11,  4.804676518005218e+00
1922,11, 1922,11,  4.804680001396387e+00
1923,11, 1923,11,  4.804676397888274e+00
1924,11, 1924,11,  4.804676518005214e+00
1925,11, 1925,11,  4.804676965190913e+00
1926,11, 1926,11,  4.804677028472161e+00
1927,11, 1927,11,  4.804677256284662e+00
1928,11, 1928,11,  4.804676961394034e+00
1929,11, 1929,11,  4.804679700059955e+00
1930,11, 1930,11,  4.804679994950749e+00
1931,11, 1931,11,  4.804679767138120e+00
1932,11, 1932,11,  4.804679703856838e+00
1933,11, 1933,11,  4.804676961394032e+00
1934,11, 1934,11,  4.804677256284661e+00
1935,11, 1935,11,  4.804677028472160e+00
1936,11, 1936,11,  4.804676965190914e+00
1937,11, 1937,11,  4.804679703856835e+00
1938,11, 1938,11,  4.804679767138118e+00
1939,11, 1939,11,  4.804679994950749e+00
1940,11, 1940,11,  4.804679700059957e+00
1941,11, 1941,11,  9.609352200698087e+00
1942,11, 1942,11,  9.609351960464224e+00
1943,11, 1943,11,  9.609359167479816e+00
1944,11, 1944,11,  9.609352200698080e+00
1945,11, 1945,11,  9.609352200698094e+00
1946,11, 1946,11,  9.609352200698094e+00
1947,11, 1947,11,  9.609351960464217e+00
1948,11, 1948,11,  9.609359167479820e+00
1949,11, 1949,11,  9.609352200698094e+00
1950,11, 1950,11,  9.609352200698080e+00
1951,11, 1951,11,  9.609359407713663e+00
1952,11, 1952,11,  9.609355563972029e+00
1953,11, 1953,11,  9.609351960464238e+00
1954,11, 1954,11,  9.609352200698083e+00
1955,11, 1955,11,  9.609352200698085e+00
1956,11, 1956,11,  9.609355804205874e+00
1957,11, 1957,11,  9.609355563972018e+00
1958,11, 1958,11,  9.609353882335057e+00
1959,11, 1959,11,  9.609354122568906e+00
1960,11, 1960,11,  9.609353834288282e+00
1961,11, 1961,11,  9.609354675106776e+00
1962,11, 1962,11,  9.609353906358443e+00
1963,11, 1963,11,  9.609353906358443e+00
1964,11, 1964,11,  9.609353906358443e+00
1965,11, 1965,11,  9.609352327260559e+00
1966,11, 1966,11,  9.609352087026695e+00
1967,11, 1967,11,  9.609359294042379e+00
1968,11, 1968,11,  9.609352327260552e+00
1969,11, 1969,11,  9.609352327260567e+00
1970,11, 1970,11,  9.609352327260567e+00
1971,11, 1971,11,  9.609352087026686e+00
1972,11, 1972,11,  9.609359294042385e+00
1973,11, 1973,11,  9.609352327260565e+00
1974,11, 1974,11,  9.609352327260551e+00
1975,11, 1975,11,  9.609359534276230e+00
1976,11, 1976,11,  9.609355690534544e+00
1977,11, 1977,11,  9.609352087026707e+00
1978,11, 1978,11,  9.609352327260556e+00
1979,11, 1979,11,  9.609352327260558e+00
1980,11, 1980,11,  9.609355930768395e+00
1981,11, 1981,11,  9.609355690534537e+00
1982,11, 1982,11,  9.609354008897553e+00
1983,11, 1983,11,  9.609354249131405e+00
1984,11, 1984,11,  9.609353960850777e+00
1985,11, 1985,11,  9.609354801669280e+00
1986,11, 1986,11,  9.609354032920937e+00
1987,11, 1987,11,  9.609354032920937e+00
1988,11, 1988,11,  9.609354032920935e+00
1989,11, 1989,11,  9.609352782885477e+00
1990,11, 1990,11,  9.609352542651600e+00
1991,11, 1991,11,  9.609359749667627e+00
1992,11, 1992,11,  9.609352782885470e+00
1993,11, 1993,11,  9.609352782885486e+00
1994,11, 1994,11,  9.609352782885484e+00
1995,11, 1995,11,  9.609352542651592e+00
1996,11, 1996,11,  9.609359749667632e+00
1997,11, 1997,11,  9.609352782885484e+00
1998,11, 1998,11,  9.609352782885470e+00
1999,11, 1999,11,  9.609359989901488e+00
2000,11, 2000,11,  9.609356146159621e+00
2001,11, 2001,11,  9.609352542651614e+00
2002,11, 2002,11,  9.609352782885473e+00
2003,11, 2003,11,  9.609352782885475e+00
2004,11, 2004,11,  9.609356386393484e+00
2005,11, 2005,11,  9.609356146159614e+00
2006,11, 2006,11,  9.609354464522552e+00
2007,11, 2007,11,  9.609354704756413e+00
2008,11, 2008,11,  9.609354416475773e+00
2009,11, 2009,11,  9.609355257294313e+00
2010,11, 2010,11,  9.609354488545934e+00
2011,11, 2011,11,  9.609354488545934e+00
2012,11, 2012,11,  9.609354488545934e+00
2013,11, 2013,11,  9.609352193104332e+00
2014,11, 2014,11,  9.609351952870469e+00
2015,11, 2015,11,  9.609359159886052e+00
2016,11, 2016,11,  9.609352193104323e+00
2017,11, 2017,11,  9.609352193104339e+00
2018,11, 2018,11,  9.609352193104337e+00
2019,11, 2019,11,  9.609351952870460e+00
2020,11, 2020,11,  9.609359159886059e+00
2021,11, 2021,11,  9.609352193104339e+00
2022,11, 2022,11,  9.609352193104325e+00
2023,11, 2023,11,  9.609359400119899e+00
2024,11, 2024,11,  9.609355556378270e+00
2025,11, 2025,11,  9.609351952870483e+00
2026,11, 2026,11,  9.609352193104327e+00
2027,11, 2027,11,  9.609352193104328e+00
2028,11, 2028,11,  9.609355796612117e+00
2029,11, 2029,11,  9.609355556378262e+00
2030,11, 2030,11,  9.609353874741302e+00
2031,11, 2031,11,  9.609354114975151e+00
2032,11, 2032,11,  9.609353826694525e+00
2033,11, 2033,11,  9.609354667513015e+00
2034,11, 2034,11,  9.609353898764683e+00
2035,11, 2035,11,  9.609353898764684e+00
2036,11, 2036,11,  9.609353898764684e+00
2037,11, 2037,11,  9.609352200698087e+00
2038,11, 2038,11,  9.609351960464238e+00
2039,11, 2039,11,  9.609359167479822e+00
2040,11, 2040,11,  9.609352200698069e+00
2041,11, 2041,11,  9.609352200698090e+00
2042,11, 2042,11,  9.609352200698098e+00
2043,11, 2043,11,  9.609351960464219e+00
2044,11, 2044,11,  9.609359167479818e+00
2045,11, 2045,11,  9.609352200698090e+00
2046,11, 2046,11,  9.609352200698076e+00
2047,11, 2047,11,  9.609359407713663e+00
2048,11, 2048,11,  9.609355563972031e+00
2049,11, 2049,11,  9.609351960464236e+00
2050,11, 2050,11,  9.609352200698080e+00
2051,11, 2051,11,  9.609352200698085e+00
2052,11, 2052,11,  9.609355804205881e+00
2053,11, 2053,11,  9.609355563972022e+00
2054,11, 2054,11,  9.609353882335057e+00
2055,11, 2055,11,  9.609354122568906e+00
2056,11, 2056,11,  9.609353834288282e+00
2057,11, 2057,11,  9.609354675106772e+00
2058,11, 2058,11,  9.609353906358441e+00
2059,11, 2059,11,  9.609353906358439e+00
2060,11, 2060,11,  9.609353906358439e+00
2061,11, 2061,11,  9.609352327260556e+00
2062,11, 2062,11,  9.609352087026705e+00
2063,11, 2063,11,  9.609359294042385e+00
2064,11, 2064,11,  9.609352327260538e+00
2065,11, 2065,11,  9.609352327260559e+00
2066,11, 2066,11,  9.609352327260567e+00
2067,11, 2067,11,  9.609352087026686e+00
2068,11, 2068,11,  9.609359294042378e+00
2069,11, 2069,11,  9.609352327260559e+00
2070,11, 2070,11,  9.609352327260547e+00
2071,11, 2071,11,  9.609359534276228e+00
2072,11, 2072,11,  9.609355690534544e+00
2073,11, 2073,11,  9.609352087026705e+00
2074,11, 2074,11,  9.609352327260551e+00
2075,11, 2075,11,  9.609352327260552e+00
2076,11, 2076,11,  9.609355930768398e+00
2077,11, 2077,11,  9.609355690534535e+00
2078,11, 2078,11,  9.609354008897549e+00
2079,11, 2079,11,  9.609354249131401e+00
2080,11, 2080,11,  9.609353960850770e+00
2081,11, 2081,11,  9.609354801669275e+00
2082,11, 2082,11,  9.609354032920933e+00
2083,11, 2083,11,  9.609354032920931e+00
2084,11, 2084,11,  9.609354032920933e+00
2085,11, 2085,11,  9.609352782885479e+00
2086,11, 2086,11,  9.609352542651616e+00
2087,11, 2087,11,  9.609359749667636e+00
2088,11, 2088,11,  9.609352782885459e+00
2089,11, 2089,11,  9.609352782885480e+00
2090,11, 2090,11,  9.609352782885487e+00
2091,11, 2091,11,  9.609352542651594e+00
2092,11, 2092,11,  9.609359749667631e+00
2093,11, 2093,11,  9.609352782885482e+00
2094,11, 2094,11,  9.609352782885468e+00
2095,11, 2095,11,  9.609359989901492e+00
2096,11, 2096,11,  9.609356146159623e+00
2097,11, 2097,11,  9.609352542651616e+00
2098,11, 2098,11,  9.609352782885470e+00
2099,11, 2099,11,  9.609352782885475e+00
2100,11, 2100,11,  9.609356386393490e+00
2101,11, 2101,11,  9.609356146159618e+00
2102,11, 2102,11,  9.609354464522550e+00
2103,11, 2103,11,  9.609354704756415e+00
2104,11, 2104,11,  9.609354416475771e+00
2105,11, 2105,11,  9.609355257294311e+00
2106,11, 2106,11,  9.609354488545936e+00
2107,11, 2107,11,  9.609354488545932e+00
2108,11, 2108,11,  9.609354488545934e+00
2109,11, 2109,11,  9.609352193104332e+00
2110,11, 2110,11,  9.609351952870483e+00
2111,11, 2111,11,  9.609359159886061e+00
2112,11, 2112,11,  9.609352193104314e+00
2113,11, 2113,11,  9.609352193104334e+00
2114,11, 2114,11,  9.609352193104343e+00
2115,11, 2115,11,  9.609351952870462e+00
2116,11, 2116,11,  9.609359159886056e+00
2117,11, 2117,11,  9.609352193104336e+00
2118,11, 2118,11,  9.609352193104321e+00
2119,11, 2119,11,  9.609359400119903e+00
2120,11, 2120,11,  9.609355556378272e+00
2121,11, 2121,11,  9.609351952870483e+00
2122,11, 2122,11,  9.609352193104325e+00
2123,11, 2123,11,  9.609352193104327e+00
2124,11, 2124,11,  9.609355796612125e+00
2125,11, 2125,11,  9.609355556378263e+00
2126,11, 2126,11,  9.609353874741300e+00
2127,11, 2127,11,  9.609354114975151e+00
2128,11, 2128,11,  9.609353826694523e+00
2129,11, 2129,11,  9.609354667513013e+00
2130,11, 2130,11,  9.609353898764684e+00
2131,11, 2131,11,  9.609353898764681e+00
2132,11, 2132,11,  9.609353898764684e+00
