** Assembled nodal loads
*CLOAD, REAL
3,11,  1.502631290776619e-02
4,11,  1.502632147276473e-02
5,11,  3.188122990008062e-02
6,11,  3.021323925845235e-02
7,11,  3.021325647999908e-02
8,11,  3.188124807238202e-02
13,11,  3.188334874629604e-02
14,11,  3.188308047713528e-02
15,11,  3.188309865049153e-02
16,11,  3.188336691980517e-02
19,11,  1.860223869674987e-02
20,11,  1.860224930002611e-02
23,11,  2.495241039844553e-03
24,11,  2.495242462131971e-03
57,11,  3.005262574040083e-02
58,11,  3.005262574040083e-02
59,11,  3.005262574040083e-02
60,11,  3.005262814461094e-02
61,11,  3.005262551500612e-02
62,11,  3.005262641658493e-02
63,11,  3.005262566526927e-02
64,11,  3.005263092447886e-02
65,11,  3.005263167579454e-02
66,11,  3.005262040605964e-02
67,11,  3.005262040605963e-02
68,11,  3.005261965474398e-02
69,11,  3.005263092447887e-02
70,11,  3.005264294552942e-02
71,11,  3.005262040605963e-02
72,11,  3.005262040605967e-02
73,11,  3.005264219421379e-02
74,11,  3.005261965474394e-02
75,11,  3.005262040605966e-02
76,11,  3.005262040605967e-02
77,11,  3.005262040605962e-02
78,11,  3.005264219421377e-02
79,11,  3.005261965474398e-02
80,11,  3.005262040605964e-02
81,11,  6.376245964075511e-02
82,11,  6.376245964075510e-02
83,11,  6.376245964075510e-02
84,11,  6.376246474175198e-02
85,11,  6.376245916253662e-02
86,11,  6.376246107541048e-02
87,11,  6.376245948134895e-02
88,11,  6.376247063977959e-02
89,11,  6.376247223384116e-02
90,11,  6.376244832291827e-02
91,11,  6.376244832291822e-02
92,11,  6.376244672885673e-02
93,11,  6.376247063977962e-02
94,11,  6.376249614476401e-02
95,11,  6.376244832291822e-02
96,11,  6.376244832291832e-02
97,11,  6.376249455070251e-02
98,11,  6.376244672885664e-02
99,11,  6.376244832291830e-02
100,11,  6.376244832291832e-02
101,11,  6.376244832291823e-02
102,11,  6.376249455070253e-02
103,11,  6.376244672885674e-02
104,11,  6.376244832291825e-02
105,11,  6.042646764013837e-02
106,11,  6.042646612947640e-02
107,11,  6.042651144933617e-02
108,11,  6.042646764013834e-02
109,11,  6.042646764013841e-02
110,11,  6.042646764013841e-02
111,11,  6.042646612947629e-02
112,11,  6.042651144933614e-02
113,11,  6.042646764013841e-02
114,11,  6.042646764013832e-02
115,11,  6.042651295999810e-02
116,11,  6.042648878940628e-02
117,11,  6.042646612947637e-02
118,11,  6.042646764013834e-02
119,11,  6.042646764013837e-02
120,11,  6.042649030006825e-02
121,11,  6.042648878940621e-02
122,11,  6.042647821477231e-02
123,11,  6.042647972543431e-02
124,11,  6.042647791263989e-02
125,11,  6.042648319995689e-02
126,11,  6.042647836583850e-02
127,11,  6.042647836583850e-02
128,11,  6.042647836583850e-02
129,11,  3.005263730063511e-02
130,11,  3.005055903849431e-02
133,11,  3.005054190968505e-02
134,11,  3.005262017064124e-02
185,11,  6.376669733317536e-02
186,11,  6.376669733317536e-02
187,11,  6.376669733317535e-02
188,11,  6.376670243451125e-02
189,11,  6.376669685492510e-02
190,11,  6.376669876792609e-02
191,11,  6.376669717375862e-02
192,11,  6.376670833293085e-02
193,11,  6.376670992709838e-02
194,11,  6.376668601458634e-02
195,11,  6.376668601458629e-02
196,11,  6.376668442041887e-02
197,11,  6.376670833293090e-02
198,11,  6.376673383961035e-02
199,11,  6.376668601458629e-02
200,11,  6.376668601458638e-02
201,11,  6.376673224544292e-02
202,11,  6.376668442041879e-02
203,11,  6.376668601458638e-02
204,11,  6.376668601458638e-02
205,11,  6.376668601458629e-02
206,11,  6.376673224544291e-02
207,11,  6.376668442041887e-02
208,11,  6.376668601458629e-02
209,11,  6.376614947636138e-02
210,11,  6.376614788220733e-02
211,11,  6.376619570682900e-02
212,11,  6.376614947636133e-02
213,11,  6.376614947636143e-02
214,11,  6.376614947636143e-02
215,11,  6.376614788220723e-02
216,11,  6.376619570682898e-02
217,11,  6.376614947636143e-02
218,11,  6.376614947636133e-02
219,11,  6.376619730098299e-02
220,11,  6.376617179451816e-02
221,11,  6.376614788220733e-02
222,11,  6.376614947636135e-02
223,11,  6.376614947636139e-02
224,11,  6.376617338867221e-02
225,11,  6.376617179451813e-02
226,11,  6.376616063543979e-02
227,11,  6.376616222959383e-02
228,11,  6.376616031660894e-02
229,11,  6.376616589614817e-02
230,11,  6.376616079485517e-02
231,11,  6.376616079485517e-02
232,11,  6.376616079485518e-02
265,11,  3.720447730048855e-02
266,11,  3.720447730048855e-02
267,11,  3.720447730048855e-02
268,11,  3.720448027684679e-02
269,11,  3.720447702145495e-02
270,11,  3.720447813758931e-02
271,11,  3.720447720747735e-02
272,11,  3.720448371826100e-02
273,11,  3.720448464837298e-02
274,11,  3.720447069669368e-02
275,11,  3.720447069669366e-02
276,11,  3.720446976658173e-02
277,11,  3.720448371826102e-02
278,11,  3.720449860005225e-02
279,11,  3.720447069669366e-02
280,11,  3.720447069669371e-02
281,11,  3.720449766994032e-02
282,11,  3.720446976658168e-02
283,11,  3.720447069669371e-02
284,11,  3.720447069669371e-02
285,11,  3.720447069669364e-02
286,11,  3.720449766994030e-02
287,11,  3.720446976658172e-02
288,11,  3.720447069669364e-02
317,11,  4.990482067212901e-03
318,11,  4.990482067212901e-03
319,11,  4.990482067212901e-03
320,11,  4.990482466451476e-03
321,11,  4.990482029784284e-03
322,11,  4.990482179498750e-03
323,11,  4.990482054736697e-03
324,11,  4.990482928071074e-03
325,11,  4.990483052833132e-03
326,11,  4.990481181402315e-03
327,11,  4.990481181402313e-03
328,11,  4.990481056640262e-03
329,11,  4.990482928071075e-03
330,11,  4.990484924263945e-03
331,11,  4.990481181402313e-03
332,11,  4.990481181402318e-03
333,11,  4.990484799501893e-03
334,11,  4.990481056640255e-03
335,11,  4.990481181402319e-03
336,11,  4.990481181402318e-03
337,11,  4.990481181402311e-03
338,11,  4.990484799501892e-03
339,11,  4.990481056640261e-03
340,11,  4.990481181402311e-03
497,11,  6.010522952233903e-02
498,11,  6.010522801970800e-02
499,11,  6.010527309863913e-02
500,11,  6.010522952233899e-02
501,11,  6.010522952233908e-02
502,11,  6.010522952233907e-02
503,11,  6.010522801970791e-02
504,11,  6.010527309863913e-02
505,11,  6.010522952233908e-02
506,11,  6.010522952233900e-02
507,11,  6.010527460127013e-02
508,11,  6.010525055917354e-02
509,11,  6.010522801970798e-02
510,11,  6.010522952233899e-02
511,11,  6.010522952233904e-02
512,11,  6.010525206180461e-02
513,11,  6.010525055917353e-02
514,11,  6.010524004075630e-02
515,11,  6.010524154338733e-02
516,11,  6.010523974023006e-02
517,11,  6.010524499943871e-02
518,11,  6.010524019101940e-02
519,11,  6.010524019101940e-02
520,11,  6.010524019101940e-02
521,11,  6.010107300117484e-02
522,11,  6.010107149864771e-02
523,11,  6.010111657446145e-02
524,11,  6.010107300117479e-02
525,11,  6.010107300117487e-02
526,11,  6.010107300117488e-02
527,11,  6.010107149864763e-02
528,11,  6.010111657446146e-02
529,11,  6.010107300117488e-02
530,11,  6.010107300117479e-02
531,11,  6.010111807698854e-02
532,11,  6.010109403655457e-02
533,11,  6.010107149864769e-02
534,11,  6.010107300117479e-02
535,11,  6.010107300117483e-02
536,11,  6.010109553908170e-02
537,11,  6.010109403655454e-02
538,11,  6.010108351886471e-02
539,11,  6.010108502139183e-02
540,11,  6.010108321835925e-02
541,11,  6.010108847720421e-02
542,11,  6.010108366911741e-02
543,11,  6.010108366911741e-02
544,11,  6.010108366911741e-02
833,11,  1.998100547438213e-03
834,11,  1.998100547438215e-03
835,11,  3.996198097727255e-03
836,11,  3.996198097727257e-03
837,11,  3.996197997822286e-03
838,11,  3.996197997822287e-03
839,11,  3.996200994971456e-03
840,11,  3.996200994971459e-03
841,11,  3.996198097727255e-03
842,11,  3.996198097727257e-03
843,11,  3.996198097727261e-03
844,11,  3.996198097727261e-03
845,11,  3.996198097727261e-03
846,11,  3.996198097727261e-03
847,11,  3.996197997822281e-03
848,11,  3.996197997822281e-03
849,11,  3.996200994971458e-03
850,11,  3.996200994971458e-03
851,11,  3.996198097727261e-03
852,11,  3.996198097727261e-03
853,11,  3.996198097727257e-03
854,11,  3.996198097727255e-03
855,11,  3.996201094876427e-03
856,11,  3.996201094876427e-03
857,11,  3.996199496396870e-03
858,11,  3.996199496396874e-03
859,11,  3.996197997822287e-03
860,11,  3.996197997822287e-03
861,11,  3.996198097727256e-03
862,11,  3.996198097727256e-03
863,11,  3.996198097727258e-03
864,11,  3.996198097727260e-03
865,11,  3.996199596301844e-03
866,11,  3.996199596301844e-03
867,11,  3.996199496396870e-03
868,11,  3.996199496396870e-03
869,11,  3.996198797062066e-03
870,11,  3.996198797062066e-03
871,11,  3.996198896967037e-03
872,11,  3.996198896967038e-03
873,11,  3.996198777081069e-03
874,11,  3.996198777081069e-03
875,11,  3.996199126748474e-03
876,11,  3.996199126748474e-03
877,11,  3.996198807052563e-03
878,11,  3.996198807052563e-03
879,11,  3.996198807052563e-03
880,11,  3.996198807052563e-03
881,11,  3.996198807052563e-03
882,11,  3.996198807052563e-03
883,11,  1.998099408521530e-03
884,11,  1.998099408521530e-03
937,11,  2.450235890848106e-03
940,11,  2.230469927587310e-03
943,11,  2.279128998034761e-03
944,11,  2.498893088905414e-03
953,11,  1.862744553270145e-02
955,11,  1.982868459290968e-02
956,11,  5.569215531031141e-03
958,11,  1.982867329056650e-02
959,11,  5.569212356580026e-03
960,11,  1.862743491506331e-02
971,11,  2.320581241981309e-02
972,11,  2.320582555388409e-02
973,11,  7.492499243160551e-03
974,11,  7.492495001193178e-03
979,11,  1.693767137347510e-02
981,11,  1.693766171900773e-02
985,11,  4.463602995943766e-03
986,11,  4.467602583056023e-03
987,11,  4.471605505782178e-03
988,11,  4.475601452830697e-03
989,11,  4.479601024606266e-03
990,11,  4.483600592250414e-03
991,11,  4.487599671587970e-03
992,11,  4.491602608617144e-03
993,11,  4.495599047028345e-03
994,11,  4.499598621430355e-03
995,11,  4.503601197137021e-03
996,11,  4.507598955357056e-03
997,11,  4.511596834136048e-03
998,11,  4.515596148801307e-03
999,11,  4.519595717171786e-03
1000,11,  4.523597095576979e-03
1001,11,  4.527596550947865e-03
1002,11,  4.531594961516227e-03
1003,11,  4.535594646188881e-03
1004,11,  4.539594078982929e-03
1005,11,  4.543593664496865e-03
1006,11,  4.547592869233387e-03
1007,11,  4.551592437210710e-03
1008,11,  4.555591625115759e-03
1009,11,  4.995119841276071e-03
1010,11,  4.991120800628923e-03
1011,11,  4.987121380016246e-03
1012,11,  4.983122357933669e-03
1013,11,  4.979122881618864e-03
1014,11,  4.975123609790873e-03
1015,11,  4.971124062038571e-03
1016,11,  4.967125876473501e-03
1017,11,  4.963126580277226e-03
1018,11,  4.959125185392077e-03
1019,11,  4.955125765484922e-03
1020,11,  4.951126588462182e-03
1021,11,  4.947129023262138e-03
1022,11,  4.943131589739805e-03
1023,11,  4.939128833448439e-03
1024,11,  4.935129408210628e-03
1025,11,  4.931133437771046e-03
1026,11,  4.927130320550844e-03
1027,11,  4.923131401818694e-03
1028,11,  4.919131983913709e-03
1029,11,  4.915132562009910e-03
1030,11,  4.911137083672049e-03
1031,11,  4.907133981450653e-03
1032,11,  4.903134555640912e-03
1177,11,  1.113842270824357e-02
1178,11,  1.113842242978295e-02
1179,11,  1.113843078360165e-02
1180,11,  1.113842270824357e-02
1181,11,  1.113842270824358e-02
1182,11,  1.113842270824358e-02
1183,11,  1.113842242978293e-02
1184,11,  1.113843078360165e-02
1185,11,  1.113842270824358e-02
1186,11,  1.113842270824357e-02
1187,11,  1.113843106206226e-02
1188,11,  1.113842660669229e-02
1189,11,  1.113842242978294e-02
1190,11,  1.113842270824356e-02
1191,11,  1.113842270824357e-02
1192,11,  1.113842688515292e-02
1193,11,  1.113842660669229e-02
1194,11,  1.113842465746794e-02
1195,11,  1.113842493592856e-02
1196,11,  1.113842460177581e-02
1197,11,  1.113842557638799e-02
1198,11,  1.113842468531400e-02
1199,11,  1.113842468531400e-02
1200,11,  1.113842468531400e-02
1201,11,  3.725486973698945e-02
1202,11,  3.725486973698944e-02
1203,11,  3.725486973698945e-02
1204,11,  3.725487271737910e-02
1205,11,  3.725486945757790e-02
1206,11,  3.725487057522404e-02
1207,11,  3.725486964385227e-02
1208,11,  3.725487616345460e-02
1209,11,  3.725487709482639e-02
1210,11,  3.725486312424994e-02
1211,11,  3.725486312424991e-02
1212,11,  3.725486219287816e-02
1213,11,  3.725487616345463e-02
1214,11,  3.725489106540282e-02
1215,11,  3.725486312424990e-02
1216,11,  3.725486312424996e-02
1217,11,  3.725489013403109e-02
1218,11,  3.725486219287812e-02
1219,11,  3.725486312424996e-02
1220,11,  3.725486312424996e-02
1221,11,  3.725486312424992e-02
1222,11,  3.725489013403110e-02
1223,11,  3.725486219287818e-02
1224,11,  3.725486312424994e-02
1225,11,  3.965734648198961e-02
1226,11,  3.965734648198955e-02
1227,11,  3.965734648198949e-02
1228,11,  3.965734965457721e-02
1229,11,  3.965734618455923e-02
1230,11,  3.965734737427960e-02
1231,11,  3.965734638284584e-02
1232,11,  3.965735332288154e-02
1233,11,  3.965735431431518e-02
1234,11,  3.965733944280984e-02
1235,11,  3.965733944280976e-02
1236,11,  3.965733845137604e-02
1237,11,  3.965735332288121e-02
1238,11,  3.965736918582007e-02
1239,11,  3.965733944280949e-02
1240,11,  3.965733944280946e-02
1241,11,  3.965736819438621e-02
1242,11,  3.965733845137556e-02
1243,11,  3.965733944280926e-02
1244,11,  3.965733944280919e-02
1245,11,  3.965733944280905e-02
1246,11,  3.965736819438584e-02
1247,11,  3.965733845137526e-02
1248,11,  3.965733944280887e-02
1401,11,  3.186170604123596e-02
1402,11,  3.186170509308463e-02
1405,11,  3.186172322462426e-02
1406,11,  3.186172420256192e-02
1409,11,  4.641161630411252e-02
1410,11,  4.641161515157939e-02
1411,11,  4.641164996808157e-02
1412,11,  4.641161632742451e-02
1413,11,  4.641161633518612e-02
1414,11,  4.641161634293702e-02
1415,11,  4.641161519038587e-02
1416,11,  4.641165000683480e-02
1417,11,  4.641161636612558e-02
1418,11,  4.641161637383404e-02
1419,11,  4.641165119025055e-02
1420,11,  4.641163263328776e-02
1421,11,  4.641161523660507e-02
1422,11,  4.641161640456147e-02
1423,11,  4.641161641221751e-02
1424,11,  4.641163382422292e-02
1425,11,  4.641163267156741e-02
1426,11,  4.641162455715704e-02
1427,11,  4.641162572506207e-02
1428,11,  4.641162434031731e-02
1429,11,  4.641162840892759e-02
1430,11,  4.641162470358093e-02
1431,11,  4.641162471115406e-02
1432,11,  4.641162471868420e-02
1433,11,  1.498498996239479e-02
1434,11,  1.498498995982346e-02
1435,11,  1.498498995761091e-02
1436,11,  1.498499115419362e-02
1437,11,  1.498498984078774e-02
1438,11,  1.498499028811448e-02
1439,11,  1.498498991126351e-02
1440,11,  1.498499253140782e-02
1441,11,  1.498499290379988e-02
1442,11,  1.498498728219251e-02
1443,11,  1.498498727995325e-02
1444,11,  1.498498690308644e-02
1445,11,  1.498499252021195e-02
1446,11,  1.498499851195891e-02
1447,11,  1.498498727096426e-02
1448,11,  1.498498726870855e-02
1449,11,  1.498499813056736e-02
1450,11,  1.498498688956227e-02
1451,11,  1.498498726192184e-02
1452,11,  1.498498725965275e-02
1453,11,  1.498498725738030e-02
1454,11,  1.498499811922297e-02
1455,11,  1.498498687820191e-02
1456,11,  1.498498725017639e-02
1529,11,  3.387532335332714e-02
1530,11,  3.387532335332714e-02
1531,11,  3.387532335332714e-02
1532,11,  3.387532606335308e-02
1533,11,  3.387532309926221e-02
1534,11,  3.387532411552194e-02
1535,11,  3.387532326863885e-02
1536,11,  3.387532919682053e-02
1537,11,  3.387533004370366e-02
1538,11,  3.387531734045712e-02
1539,11,  3.387531734045710e-02
1540,11,  3.387531649357400e-02
1541,11,  3.387532919682053e-02
1542,11,  3.387534274695017e-02
1543,11,  3.387531734045711e-02
1544,11,  3.387531734045715e-02
1545,11,  3.387534190006709e-02
1546,11,  3.387531649357398e-02
1547,11,  3.387531734045715e-02
1548,11,  3.387531734045715e-02
1549,11,  3.387531734045710e-02
1550,11,  3.387534190006708e-02
1551,11,  3.387531649357402e-02
1552,11,  3.387531734045712e-02
1721,11,  6.372341192316906e-02
1722,11,  6.372341002549697e-02
1723,11,  6.372341192318065e-02
1724,11,  6.372341002315152e-02
1725,11,  6.372341192319333e-02
1726,11,  6.372341002072068e-02
1727,11,  6.372341702107917e-02
1728,11,  6.372341511615989e-02
1729,11,  6.372341144529327e-02
1730,11,  6.372340953792455e-02
1731,11,  6.372341335700851e-02
1732,11,  6.372341144718667e-02
1733,11,  6.372341176393598e-02
1734,11,  6.372340985165786e-02
1735,11,  6.372342291554611e-02
1736,11,  6.372342100080816e-02
1737,11,  6.372342450864435e-02
1738,11,  6.372342259144337e-02
1739,11,  6.372340061237723e-02
1740,11,  6.372339869271061e-02
1741,11,  6.372340061239007e-02
1742,11,  6.372339869025385e-02
1743,11,  6.372339901931770e-02
1744,11,  6.372339709470876e-02
1745,11,  6.372342291561062e-02
1746,11,  6.372342098852468e-02
1747,11,  6.372344840498885e-02
1748,11,  6.372344647542254e-02
1749,11,  6.372340061244182e-02
1750,11,  6.372339868039417e-02
1751,11,  6.372340061245489e-02
1752,11,  6.372339867792093e-02
1753,11,  6.372344681194250e-02
1754,11,  6.372344487491738e-02
1755,11,  6.372339901939544e-02
1756,11,  6.372339707987872e-02
1757,11,  6.372340061249393e-02
1758,11,  6.372339867048091e-02
1759,11,  6.372340061250698e-02
1760,11,  6.372339866799417e-02
1761,11,  6.372340061251995e-02
1762,11,  6.372339866550394e-02
1763,11,  6.372344681200776e-02
1764,11,  6.372344486248391e-02
1765,11,  6.372339901946078e-02
1766,11,  6.372339706742808e-02
1767,11,  6.372340061255799e-02
1768,11,  6.372339865809731e-02
1769,11,  1.461220381163690e-02
1770,11,  1.461221214059321e-02
1778,11,  1.461127328804050e-02
1779,11,  1.461126495961931e-02
1781,11,  2.922440755021277e-02
1782,11,  2.922440755021277e-02
1783,11,  2.922440755021277e-02
1784,11,  2.922440988816543e-02
1785,11,  2.922440733102970e-02
1786,11,  2.922440820776196e-02
1787,11,  2.922440747715176e-02
1788,11,  2.922441259142317e-02
1789,11,  2.922441332203340e-02
1790,11,  2.922440236288031e-02
1791,11,  2.922440236288030e-02
1792,11,  2.922440163227011e-02
1793,11,  2.922441259142318e-02
1794,11,  2.922442428118644e-02
1795,11,  2.922440236288031e-02
1796,11,  2.922440236288034e-02
1797,11,  2.922442355057626e-02
1798,11,  2.922440163227007e-02
1799,11,  2.922440236288034e-02
1800,11,  2.922440236288034e-02
1801,11,  2.922440236288030e-02
1802,11,  2.922442355057624e-02
1803,11,  2.922440163227011e-02
1804,11,  2.922440236288029e-02
1877,11,  2.922252465918312e-02
1878,11,  2.922252392861988e-02
1879,11,  2.922254584551776e-02
1880,11,  2.922252465918312e-02
1881,11,  2.922252465918316e-02
1882,11,  2.922252465918316e-02
1883,11,  2.922252392861984e-02
1884,11,  2.922254584551774e-02
1885,11,  2.922252465918316e-02
1886,11,  2.922252465918311e-02
1887,11,  2.922254657608098e-02
1888,11,  2.922253488706882e-02
1889,11,  2.922252392861988e-02
1890,11,  2.922252465918312e-02
1891,11,  2.922252465918314e-02
1892,11,  2.922253561763207e-02
1893,11,  2.922253488706879e-02
1894,11,  2.922252977312597e-02
1895,11,  2.922253050368924e-02
1896,11,  2.922252962701331e-02
1897,11,  2.922253218398474e-02
1898,11,  2.922252984618229e-02
1899,11,  2.922252984618229e-02
1900,11,  2.922252984618229e-02
1933,11,  2.922252737407837e-02
1934,11,  2.922252914947314e-02
1935,11,  2.922252776389431e-02
1936,11,  2.922252737901141e-02
1937,11,  2.922254403585232e-02
1938,11,  2.922254442073545e-02
1939,11,  2.922254580631507e-02
1940,11,  2.922254403091928e-02
2037,11,  5.844504423791273e-02
2038,11,  5.844504277678637e-02
2039,11,  5.844508661057830e-02
2040,11,  5.844504423791273e-02
2041,11,  5.844504423791282e-02
2042,11,  5.844504423791282e-02
2043,11,  5.844504277678629e-02
2044,11,  5.844508661057830e-02
2045,11,  5.844504423791282e-02
2046,11,  5.844504423791273e-02
2047,11,  5.844508807170466e-02
2048,11,  5.844506469368233e-02
2049,11,  5.844504277678637e-02
2050,11,  5.844504423791273e-02
2051,11,  5.844504423791277e-02
2052,11,  5.844506615480873e-02
2053,11,  5.844506469368229e-02
2054,11,  5.844505446579755e-02
2055,11,  5.844505592692396e-02
2056,11,  5.844505417357225e-02
2057,11,  5.844505928751466e-02
2058,11,  5.844505461191019e-02
2059,11,  5.844505461191019e-02
2060,11,  5.844505461191019e-02
2061,11,  5.844504500767840e-02
2062,11,  5.844504354655202e-02
2063,11,  5.844508738034452e-02
2064,11,  5.844504500767840e-02
2065,11,  5.844504500767848e-02
2066,11,  5.844504500767848e-02
2067,11,  5.844504354655194e-02
2068,11,  5.844508738034453e-02
2069,11,  5.844504500767848e-02
2070,11,  5.844504500767840e-02
2071,11,  5.844508884147090e-02
2072,11,  5.844506546344827e-02
2073,11,  5.844504354655202e-02
2074,11,  5.844504500767839e-02
2075,11,  5.844504500767844e-02
2076,11,  5.844506692457469e-02
2077,11,  5.844506546344824e-02
2078,11,  5.844505523556336e-02
2079,11,  5.844505669668978e-02
2080,11,  5.844505494333805e-02
2081,11,  5.844506005728053e-02
2082,11,  5.844505538167599e-02
2083,11,  5.844505538167599e-02
2084,11,  5.844505538167599e-02
2085,11,  5.844504777883556e-02
2086,11,  5.844504631770912e-02
2087,11,  5.844509015150369e-02
2088,11,  5.844504777883556e-02
2089,11,  5.844504777883563e-02
2090,11,  5.844504777883564e-02
2091,11,  5.844504631770903e-02
2092,11,  5.844509015150369e-02
2093,11,  5.844504777883564e-02
2094,11,  5.844504777883557e-02
2095,11,  5.844509161263015e-02
2096,11,  5.844506823460640e-02
2097,11,  5.844504631770911e-02
2098,11,  5.844504777883556e-02
2099,11,  5.844504777883559e-02
2100,11,  5.844506969573289e-02
2101,11,  5.844506823460636e-02
2102,11,  5.844505800672101e-02
2103,11,  5.844505946784749e-02
2104,11,  5.844505771449568e-02
2105,11,  5.844506282843840e-02
2106,11,  5.844505815283364e-02
2107,11,  5.844505815283365e-02
2108,11,  5.844505815283365e-02
2109,11,  5.844504422804665e-02
2110,11,  5.844504276692029e-02
2111,11,  5.844508660071221e-02
2112,11,  5.844504422804665e-02
2113,11,  5.844504422804673e-02
2114,11,  5.844504422804673e-02
2115,11,  5.844504276692021e-02
2116,11,  5.844508660071220e-02
2117,11,  5.844504422804673e-02
2118,11,  5.844504422804665e-02
2119,11,  5.844508806183856e-02
2120,11,  5.844506468381624e-02
2121,11,  5.844504276692029e-02
2122,11,  5.844504422804665e-02
2123,11,  5.844504422804669e-02
2124,11,  5.844506614494265e-02
2125,11,  5.844506468381620e-02
2126,11,  5.844505445593148e-02
2127,11,  5.844505591705786e-02
2128,11,  5.844505416370616e-02
2129,11,  5.844505927764858e-02
2130,11,  5.844505460204410e-02
2131,11,  5.844505460204411e-02
2132,11,  5.844505460204411e-02
