** Assembled nodal loads
*CLOAD, REAL
3,11,  1.502631290776600e-02
4,11,  1.502632147276453e-02
5,11,  3.188122989988308e-02
6,11,  3.021323925845149e-02
7,11,  3.021325647999823e-02
8,11,  3.188124807218448e-02
13,11,  3.188330804061638e-02
14,11,  3.188308036380348e-02
15,11,  3.188309853715966e-02
16,11,  3.188332621410231e-02
19,11,  2.102932298870965e-02
20,11,  2.102933497542397e-02
23,11,  4.981018026156024e-03
24,11,  4.981020865336349e-03
57,11,  3.005262574040043e-02
58,11,  3.005262574040043e-02
59,11,  3.005262574040043e-02
60,11,  3.005262814461054e-02
61,11,  3.005262551500573e-02
62,11,  3.005262641658453e-02
63,11,  3.005262566526887e-02
64,11,  3.005263092447847e-02
65,11,  3.005263167579415e-02
66,11,  3.005262040605924e-02
67,11,  3.005262040605923e-02
68,11,  3.005261965474357e-02
69,11,  3.005263092447847e-02
70,11,  3.005264294552903e-02
71,11,  3.005262040605923e-02
72,11,  3.005262040605927e-02
73,11,  3.005264219421339e-02
74,11,  3.005261965474355e-02
75,11,  3.005262040605927e-02
76,11,  3.005262040605927e-02
77,11,  3.005262040605922e-02
78,11,  3.005264219421338e-02
79,11,  3.005261965474358e-02
80,11,  3.005262040605924e-02
81,11,  6.376245964036001e-02
82,11,  6.376245964036001e-02
83,11,  6.376245964036001e-02
84,11,  6.376246474135690e-02
85,11,  6.376245916214154e-02
86,11,  6.376246107501539e-02
87,11,  6.376245948095388e-02
88,11,  6.376247063938451e-02
89,11,  6.376247223344607e-02
90,11,  6.376244832252319e-02
91,11,  6.376244832252313e-02
92,11,  6.376244672846165e-02
93,11,  6.376247063938455e-02
94,11,  6.376249614436892e-02
95,11,  6.376244832252315e-02
96,11,  6.376244832252323e-02
97,11,  6.376249455030743e-02
98,11,  6.376244672846157e-02
99,11,  6.376244832252323e-02
100,11,  6.376244832252323e-02
101,11,  6.376244832252315e-02
102,11,  6.376249455030744e-02
103,11,  6.376244672846167e-02
104,11,  6.376244832252316e-02
105,11,  6.042646764013666e-02
106,11,  6.042646612947469e-02
107,11,  6.042651144933447e-02
108,11,  6.042646764013662e-02
109,11,  6.042646764013671e-02
110,11,  6.042646764013671e-02
111,11,  6.042646612947459e-02
112,11,  6.042651144933444e-02
113,11,  6.042646764013671e-02
114,11,  6.042646764013661e-02
115,11,  6.042651295999639e-02
116,11,  6.042648878940457e-02
117,11,  6.042646612947467e-02
118,11,  6.042646764013662e-02
119,11,  6.042646764013667e-02
120,11,  6.042649030006655e-02
121,11,  6.042648878940451e-02
122,11,  6.042647821477061e-02
123,11,  6.042647972543260e-02
124,11,  6.042647791263819e-02
125,11,  6.042648319995518e-02
126,11,  6.042647836583680e-02
127,11,  6.042647836583680e-02
128,11,  6.042647836583680e-02
129,11,  3.005263730063457e-02
130,11,  3.005055903849361e-02
133,11,  3.005054190968435e-02
134,11,  3.005262017064071e-02
185,11,  6.376661592181623e-02
186,11,  6.376661592181623e-02
187,11,  6.376661592181623e-02
188,11,  6.376662102314562e-02
189,11,  6.376661544356658e-02
190,11,  6.376661735656514e-02
191,11,  6.376661576239970e-02
192,11,  6.376662692155768e-02
193,11,  6.376662851572315e-02
194,11,  6.376660460324167e-02
195,11,  6.376660460324161e-02
196,11,  6.376660300907623e-02
197,11,  6.376662692155771e-02
198,11,  6.376665242820460e-02
199,11,  6.376660460324161e-02
200,11,  6.376660460324170e-02
201,11,  6.376665083403921e-02
202,11,  6.376660300907613e-02
203,11,  6.376660460324171e-02
204,11,  6.376660460324170e-02
205,11,  6.376660460324161e-02
206,11,  6.376665083403921e-02
207,11,  6.376660300907623e-02
208,11,  6.376660460324163e-02
209,11,  6.376614924969780e-02
210,11,  6.376614765554378e-02
211,11,  6.376619548016527e-02
212,11,  6.376614924969778e-02
213,11,  6.376614924969785e-02
214,11,  6.376614924969785e-02
215,11,  6.376614765554368e-02
216,11,  6.376619548016524e-02
217,11,  6.376614924969785e-02
218,11,  6.376614924969778e-02
219,11,  6.376619707431927e-02
220,11,  6.376617156785451e-02
221,11,  6.376614765554375e-02
222,11,  6.376614924969777e-02
223,11,  6.376614924969781e-02
224,11,  6.376617316200855e-02
225,11,  6.376617156785447e-02
226,11,  6.376616040877617e-02
227,11,  6.376616200293021e-02
228,11,  6.376616008994535e-02
229,11,  6.376616566948454e-02
230,11,  6.376616056819157e-02
231,11,  6.376616056819157e-02
232,11,  6.376616056819157e-02
265,11,  4.205864587227269e-02
266,11,  4.205864587227269e-02
267,11,  4.205864587227269e-02
268,11,  4.205864923696444e-02
269,11,  4.205864555683283e-02
270,11,  4.205864681859225e-02
271,11,  4.205864576712610e-02
272,11,  4.205865312738925e-02
273,11,  4.205865417885545e-02
274,11,  4.205863840686289e-02
275,11,  4.205863840686287e-02
276,11,  4.205863735539672e-02
277,11,  4.205865312738926e-02
278,11,  4.205866995084796e-02
279,11,  4.205863840686287e-02
280,11,  4.205863840686292e-02
281,11,  4.205866889938183e-02
282,11,  4.205863735539667e-02
283,11,  4.205863840686293e-02
284,11,  4.205863840686292e-02
285,11,  4.205863840686286e-02
286,11,  4.205866889938181e-02
287,11,  4.205863735539671e-02
288,11,  4.205863840686286e-02
317,11,  9.962036027406957e-03
318,11,  9.962036027406957e-03
319,11,  9.962036027406957e-03
320,11,  9.962036824369858e-03
321,11,  9.962035952691684e-03
322,11,  9.962036251552772e-03
323,11,  9.962036002501867e-03
324,11,  9.962037745858205e-03
325,11,  9.962037994909117e-03
326,11,  9.962034259145523e-03
327,11,  9.962034259145519e-03
328,11,  9.962034010094618e-03
329,11,  9.962037745858205e-03
330,11,  9.962041730672701e-03
331,11,  9.962034259145519e-03
332,11,  9.962034259145530e-03
333,11,  9.962041481621803e-03
334,11,  9.962034010094604e-03
335,11,  9.962034259145530e-03
336,11,  9.962034259145530e-03
337,11,  9.962034259145516e-03
338,11,  9.962041481621798e-03
339,11,  9.962034010094616e-03
340,11,  9.962034259145516e-03
497,11,  6.010522952233796e-02
498,11,  6.010522801970692e-02
499,11,  6.010527309863806e-02
500,11,  6.010522952233792e-02
501,11,  6.010522952233800e-02
502,11,  6.010522952233800e-02
503,11,  6.010522801970683e-02
504,11,  6.010527309863806e-02
505,11,  6.010522952233800e-02
506,11,  6.010522952233792e-02
507,11,  6.010527460126905e-02
508,11,  6.010525055917247e-02
509,11,  6.010522801970690e-02
510,11,  6.010522952233791e-02
511,11,  6.010522952233795e-02
512,11,  6.010525206180353e-02
513,11,  6.010525055917244e-02
514,11,  6.010524004075522e-02
515,11,  6.010524154338626e-02
516,11,  6.010523974022898e-02
517,11,  6.010524499943763e-02
518,11,  6.010524019101832e-02
519,11,  6.010524019101832e-02
520,11,  6.010524019101832e-02
521,11,  6.010107300117344e-02
522,11,  6.010107149864631e-02
523,11,  6.010111657446005e-02
524,11,  6.010107300117339e-02
525,11,  6.010107300117348e-02
526,11,  6.010107300117348e-02
527,11,  6.010107149864623e-02
528,11,  6.010111657446005e-02
529,11,  6.010107300117348e-02
530,11,  6.010107300117339e-02
531,11,  6.010111807698713e-02
532,11,  6.010109403655316e-02
533,11,  6.010107149864628e-02
534,11,  6.010107300117339e-02
535,11,  6.010107300117343e-02
536,11,  6.010109553908030e-02
537,11,  6.010109403655314e-02
538,11,  6.010108351886330e-02
539,11,  6.010108502139043e-02
540,11,  6.010108321835786e-02
541,11,  6.010108847720282e-02
542,11,  6.010108366911601e-02
543,11,  6.010108366911601e-02
544,11,  6.010108366911601e-02
833,11,  3.992407286787039e-03
834,11,  3.992407286787043e-03
835,11,  7.984808584966446e-03
836,11,  7.984808584966450e-03
837,11,  7.984808385346199e-03
838,11,  7.984808385346202e-03
839,11,  7.984814373953830e-03
840,11,  7.984814373953836e-03
841,11,  7.984808584966446e-03
842,11,  7.984808584966450e-03
843,11,  7.984808584966460e-03
844,11,  7.984808584966460e-03
845,11,  7.984808584966460e-03
846,11,  7.984808584966460e-03
847,11,  7.984808385346188e-03
848,11,  7.984808385346188e-03
849,11,  7.984814373953833e-03
850,11,  7.984814373953833e-03
851,11,  7.984808584966460e-03
852,11,  7.984808584966460e-03
853,11,  7.984808584966450e-03
854,11,  7.984808584966446e-03
855,11,  7.984814573574082e-03
856,11,  7.984814573574082e-03
857,11,  7.984811379650014e-03
858,11,  7.984811379650019e-03
859,11,  7.984808385346201e-03
860,11,  7.984808385346199e-03
861,11,  7.984808584966450e-03
862,11,  7.984808584966448e-03
863,11,  7.984808584966453e-03
864,11,  7.984808584966455e-03
865,11,  7.984811579270272e-03
866,11,  7.984811579270270e-03
867,11,  7.984811379650011e-03
868,11,  7.984811379650011e-03
869,11,  7.984809982308235e-03
870,11,  7.984809982308235e-03
871,11,  7.984810181928488e-03
872,11,  7.984810181928488e-03
873,11,  7.984809942384180e-03
874,11,  7.984809942384180e-03
875,11,  7.984810641055076e-03
876,11,  7.984810641055076e-03
877,11,  7.984810002270259e-03
878,11,  7.984810002270259e-03
879,11,  7.984810002270259e-03
880,11,  7.984810002270259e-03
881,11,  7.984810002270259e-03
882,11,  7.984810002270259e-03
883,11,  3.992405011116142e-03
884,11,  3.992405011116142e-03
937,11,  4.899647965452073e-03
940,11,  4.460544434087793e-03
943,11,  4.557849877118619e-03
944,11,  4.996946166377447e-03
953,11,  1.862744553270145e-02
955,11,  1.982868459290955e-02
956,11,  5.569215531031141e-03
958,11,  1.982867329056637e-02
959,11,  5.569212356580026e-03
960,11,  1.862743491506331e-02
971,11,  2.320581125873438e-02
972,11,  2.320582439206553e-02
973,11,  7.709969284114974e-03
974,11,  7.709964920769405e-03
979,11,  1.693767137347510e-02
981,11,  1.693766171900773e-02
985,11,  8.926414499794923e-03
986,11,  8.934412629558037e-03
987,11,  8.942417429709641e-03
988,11,  8.950408279550313e-03
989,11,  8.958406377833007e-03
990,11,  8.966404467590231e-03
991,11,  8.974401580587859e-03
992,11,  8.982406407952578e-03
993,11,  8.990398238911474e-03
994,11,  8.998396341034076e-03
995,11,  9.006400445042351e-03
996,11,  9.014394914570472e-03
997,11,  9.022389624934620e-03
998,11,  9.030387206577374e-03
999,11,  9.038385295241341e-03
1000,11,  9.046387003377742e-03
1001,11,  9.054384865510273e-03
1002,11,  9.062380638032875e-03
1003,11,  9.070378958172835e-03
1004,11,  9.078376774345153e-03
1005,11,  9.086374895697183e-03
1006,11,  9.094372255219689e-03
1007,11,  9.102370340905603e-03
1008,11,  9.110367666276795e-03
1009,11,  9.988560392275301e-03
1010,11,  9.980563655562805e-03
1011,11,  9.972566158961511e-03
1012,11,  9.964569459286803e-03
1013,11,  9.956571851347270e-03
1014,11,  9.948574652266319e-03
1015,11,  9.940576901430076e-03
1016,11,  9.932581874556277e-03
1017,11,  9.924584626747626e-03
1018,11,  9.916583182283660e-03
1019,11,  9.908585687095553e-03
1020,11,  9.900588677640782e-03
1021,11,  9.892594891244031e-03
1022,11,  9.884601368159820e-03
1023,11,  9.876597201371462e-03
1024,11,  9.868599695525960e-03
1025,11,  9.860609098130555e-03
1026,11,  9.852604209561291e-03
1027,11,  9.844607716604004e-03
1028,11,  9.836610225421987e-03
1029,11,  9.828612726244473e-03
1030,11,  9.820623112919686e-03
1031,11,  9.812618254344423e-03
1032,11,  9.804620747412313e-03
1177,11,  1.113842270824357e-02
1178,11,  1.113842242978295e-02
1179,11,  1.113843078360165e-02
1180,11,  1.113842270824357e-02
1181,11,  1.113842270824358e-02
1182,11,  1.113842270824358e-02
1183,11,  1.113842242978293e-02
1184,11,  1.113843078360165e-02
1185,11,  1.113842270824358e-02
1186,11,  1.113842270824357e-02
1187,11,  1.113843106206226e-02
1188,11,  1.113842660669229e-02
1189,11,  1.113842242978294e-02
1190,11,  1.113842270824356e-02
1191,11,  1.113842270824357e-02
1192,11,  1.113842688515292e-02
1193,11,  1.113842660669229e-02
1194,11,  1.113842465746794e-02
1195,11,  1.113842493592856e-02
1196,11,  1.113842460177581e-02
1197,11,  1.113842557638799e-02
1198,11,  1.113842468531400e-02
1199,11,  1.113842468531400e-02
1200,11,  1.113842468531400e-02
1201,11,  3.725486973698945e-02
1202,11,  3.725486973698944e-02
1203,11,  3.725486973698945e-02
1204,11,  3.725487271737910e-02
1205,11,  3.725486945757790e-02
1206,11,  3.725487057522404e-02
1207,11,  3.725486964385227e-02
1208,11,  3.725487616345460e-02
1209,11,  3.725487709482639e-02
1210,11,  3.725486312424994e-02
1211,11,  3.725486312424991e-02
1212,11,  3.725486219287816e-02
1213,11,  3.725487616345463e-02
1214,11,  3.725489106540282e-02
1215,11,  3.725486312424990e-02
1216,11,  3.725486312424996e-02
1217,11,  3.725489013403109e-02
1218,11,  3.725486219287812e-02
1219,11,  3.725486312424996e-02
1220,11,  3.725486312424996e-02
1221,11,  3.725486312424992e-02
1222,11,  3.725489013403110e-02
1223,11,  3.725486219287818e-02
1224,11,  3.725486312424994e-02
1225,11,  3.965734648198935e-02
1226,11,  3.965734648198930e-02
1227,11,  3.965734648198923e-02
1228,11,  3.965734965457695e-02
1229,11,  3.965734618455898e-02
1230,11,  3.965734737427934e-02
1231,11,  3.965734638284559e-02
1232,11,  3.965735332288128e-02
1233,11,  3.965735431431491e-02
1234,11,  3.965733944280959e-02
1235,11,  3.965733944280950e-02
1236,11,  3.965733845137576e-02
1237,11,  3.965735332288095e-02
1238,11,  3.965736918581980e-02
1239,11,  3.965733944280922e-02
1240,11,  3.965733944280922e-02
1241,11,  3.965736819438594e-02
1242,11,  3.965733845137530e-02
1243,11,  3.965733944280900e-02
1244,11,  3.965733944280892e-02
1245,11,  3.965733944280880e-02
1246,11,  3.965736819438558e-02
1247,11,  3.965733845137500e-02
1248,11,  3.965733944280860e-02
1401,11,  3.186170604126019e-02
1402,11,  3.186170508831927e-02
1405,11,  3.186172321991720e-02
1406,11,  3.186172420258585e-02
1409,11,  4.641161398116176e-02
1410,11,  4.641161282884802e-02
1411,11,  4.641164764533275e-02
1412,11,  4.641161400466225e-02
1413,11,  4.641161401240895e-02
1414,11,  4.641161402014496e-02
1415,11,  4.641161286757879e-02
1416,11,  4.641164768401112e-02
1417,11,  4.641161404328872e-02
1418,11,  4.641161405098236e-02
1419,11,  4.641164886738217e-02
1420,11,  4.641163031040554e-02
1421,11,  4.641161291370901e-02
1422,11,  4.641161408165046e-02
1423,11,  4.641161408929179e-02
1424,11,  4.641163150128165e-02
1425,11,  4.641163034861153e-02
1426,11,  4.641162223418677e-02
1427,11,  4.641162340207715e-02
1428,11,  4.641162201731790e-02
1429,11,  4.641162608591324e-02
1430,11,  4.641162238055224e-02
1431,11,  4.641162238811020e-02
1432,11,  4.641162239585545e-02
1433,11,  1.541992979906063e-02
1434,11,  1.541992979596854e-02
1435,11,  1.541992979369668e-02
1436,11,  1.541993102501419e-02
1437,11,  1.541992967349100e-02
1438,11,  1.541993013380537e-02
1439,11,  1.541992974602025e-02
1440,11,  1.541993244221870e-02
1441,11,  1.541993282542349e-02
1442,11,  1.541992704065283e-02
1443,11,  1.541992703835264e-02
1444,11,  1.541992665055166e-02
1445,11,  1.541993243071846e-02
1446,11,  1.541993859638013e-02
1447,11,  1.541992702911967e-02
1448,11,  1.541992702680262e-02
1449,11,  1.541993820393136e-02
1450,11,  1.541992663665986e-02
1451,11,  1.541992701983166e-02
1452,11,  1.541992701750083e-02
1453,11,  1.541992701516656e-02
1454,11,  1.541993819227910e-02
1455,11,  1.541992662499221e-02
1456,11,  1.541992700730806e-02
1529,11,  3.387532335332714e-02
1530,11,  3.387532335332714e-02
1531,11,  3.387532335332714e-02
1532,11,  3.387532606335308e-02
1533,11,  3.387532309926221e-02
1534,11,  3.387532411552194e-02
1535,11,  3.387532326863885e-02
1536,11,  3.387532919682053e-02
1537,11,  3.387533004370366e-02
1538,11,  3.387531734045712e-02
1539,11,  3.387531734045710e-02
1540,11,  3.387531649357400e-02
1541,11,  3.387532919682053e-02
1542,11,  3.387534274695017e-02
1543,11,  3.387531734045711e-02
1544,11,  3.387531734045715e-02
1545,11,  3.387534190006709e-02
1546,11,  3.387531649357398e-02
1547,11,  3.387531734045715e-02
1548,11,  3.387531734045715e-02
1549,11,  3.387531734045710e-02
1550,11,  3.387534190006708e-02
1551,11,  3.387531649357402e-02
1552,11,  3.387531734045712e-02
1721,11,  6.372341192321752e-02
1722,11,  6.372341001596896e-02
1723,11,  6.372341192322906e-02
1724,11,  6.372341001362845e-02
1725,11,  6.372341192324173e-02
1726,11,  6.372341001120244e-02
1727,11,  6.372341702112755e-02
1728,11,  6.372341510664639e-02
1729,11,  6.372341144534162e-02
1730,11,  6.372340952841579e-02
1731,11,  6.372341335705682e-02
1732,11,  6.372341143768268e-02
1733,11,  6.372341176398427e-02
1734,11,  6.372340984215863e-02
1735,11,  6.372342291559438e-02
1736,11,  6.372342099131367e-02
1737,11,  6.372342450869262e-02
1738,11,  6.372342258195367e-02
1739,11,  6.372340061242546e-02
1740,11,  6.372339868322570e-02
1741,11,  6.372340061243828e-02
1742,11,  6.372339868077373e-02
1743,11,  6.372339901936588e-02
1744,11,  6.372339708523343e-02
1745,11,  6.372342291565877e-02
1746,11,  6.372342097905417e-02
1747,11,  6.372344840503696e-02
1748,11,  6.372344646595682e-02
1749,11,  6.372340061248992e-02
1750,11,  6.372339867093328e-02
1751,11,  6.372340061250295e-02
1752,11,  6.372339866846485e-02
1753,11,  6.372344681199053e-02
1754,11,  6.372344486546612e-02
1755,11,  6.372339901944346e-02
1756,11,  6.372339707043230e-02
1757,11,  6.372340061254192e-02
1758,11,  6.372339866103935e-02
1759,11,  6.372340061255495e-02
1760,11,  6.372339865855745e-02
1761,11,  6.372340061256791e-02
1762,11,  6.372339865607210e-02
1763,11,  6.372344681205566e-02
1764,11,  6.372344485305692e-02
1765,11,  6.372339901950869e-02
1766,11,  6.372339705800606e-02
1767,11,  6.372340061260585e-02
1768,11,  6.372339864868039e-02
1769,11,  1.461220381163690e-02
1770,11,  1.461221214059321e-02
1778,11,  1.461127328804050e-02
1779,11,  1.461126495961931e-02
1781,11,  2.922440755021277e-02
1782,11,  2.922440755021277e-02
1783,11,  2.922440755021277e-02
1784,11,  2.922440988816543e-02
1785,11,  2.922440733102970e-02
1786,11,  2.922440820776196e-02
1787,11,  2.922440747715176e-02
1788,11,  2.922441259142317e-02
1789,11,  2.922441332203340e-02
1790,11,  2.922440236288031e-02
1791,11,  2.922440236288030e-02
1792,11,  2.922440163227011e-02
1793,11,  2.922441259142318e-02
1794,11,  2.922442428118644e-02
1795,11,  2.922440236288031e-02
1796,11,  2.922440236288034e-02
1797,11,  2.922442355057626e-02
1798,11,  2.922440163227007e-02
1799,11,  2.922440236288034e-02
1800,11,  2.922440236288034e-02
1801,11,  2.922440236288030e-02
1802,11,  2.922442355057624e-02
1803,11,  2.922440163227011e-02
1804,11,  2.922440236288029e-02
1877,11,  2.922252465918312e-02
1878,11,  2.922252392861988e-02
1879,11,  2.922254584551776e-02
1880,11,  2.922252465918312e-02
1881,11,  2.922252465918316e-02
1882,11,  2.922252465918316e-02
1883,11,  2.922252392861984e-02
1884,11,  2.922254584551774e-02
1885,11,  2.922252465918316e-02
1886,11,  2.922252465918311e-02
1887,11,  2.922254657608098e-02
1888,11,  2.922253488706882e-02
1889,11,  2.922252392861988e-02
1890,11,  2.922252465918312e-02
1891,11,  2.922252465918314e-02
1892,11,  2.922253561763207e-02
1893,11,  2.922253488706879e-02
1894,11,  2.922252977312597e-02
1895,11,  2.922253050368924e-02
1896,11,  2.922252962701331e-02
1897,11,  2.922253218398474e-02
1898,11,  2.922252984618229e-02
1899,11,  2.922252984618229e-02
1900,11,  2.922252984618229e-02
1933,11,  2.922252737407837e-02
1934,11,  2.922252914947314e-02
1935,11,  2.922252776389431e-02
1936,11,  2.922252737901141e-02
1937,11,  2.922254403585232e-02
1938,11,  2.922254442073545e-02
1939,11,  2.922254580631507e-02
1940,11,  2.922254403091928e-02
2037,11,  5.844504423791273e-02
2038,11,  5.844504277678637e-02
2039,11,  5.844508661057830e-02
2040,11,  5.844504423791273e-02
2041,11,  5.844504423791282e-02
2042,11,  5.844504423791282e-02
2043,11,  5.844504277678629e-02
2044,11,  5.844508661057830e-02
2045,11,  5.844504423791282e-02
2046,11,  5.844504423791273e-02
2047,11,  5.844508807170466e-02
2048,11,  5.844506469368233e-02
2049,11,  5.844504277678637e-02
2050,11,  5.844504423791273e-02
2051,11,  5.844504423791277e-02
2052,11,  5.844506615480873e-02
2053,11,  5.844506469368229e-02
2054,11,  5.844505446579755e-02
2055,11,  5.844505592692396e-02
2056,11,  5.844505417357225e-02
2057,11,  5.844505928751466e-02
2058,11,  5.844505461191019e-02
2059,11,  5.844505461191019e-02
2060,11,  5.844505461191019e-02
2061,11,  5.844504500767840e-02
2062,11,  5.844504354655202e-02
2063,11,  5.844508738034452e-02
2064,11,  5.844504500767840e-02
2065,11,  5.844504500767848e-02
2066,11,  5.844504500767848e-02
2067,11,  5.844504354655194e-02
2068,11,  5.844508738034453e-02
2069,11,  5.844504500767848e-02
2070,11,  5.844504500767840e-02
2071,11,  5.844508884147090e-02
2072,11,  5.844506546344827e-02
2073,11,  5.844504354655202e-02
2074,11,  5.844504500767839e-02
2075,11,  5.844504500767844e-02
2076,11,  5.844506692457469e-02
2077,11,  5.844506546344824e-02
2078,11,  5.844505523556336e-02
2079,11,  5.844505669668978e-02
2080,11,  5.844505494333805e-02
2081,11,  5.844506005728053e-02
2082,11,  5.844505538167599e-02
2083,11,  5.844505538167599e-02
2084,11,  5.844505538167599e-02
2085,11,  5.844504777883556e-02
2086,11,  5.844504631770912e-02
2087,11,  5.844509015150369e-02
2088,11,  5.844504777883556e-02
2089,11,  5.844504777883563e-02
2090,11,  5.844504777883564e-02
2091,11,  5.844504631770903e-02
2092,11,  5.844509015150369e-02
2093,11,  5.844504777883564e-02
2094,11,  5.844504777883557e-02
2095,11,  5.844509161263015e-02
2096,11,  5.844506823460640e-02
2097,11,  5.844504631770911e-02
2098,11,  5.844504777883556e-02
2099,11,  5.844504777883559e-02
2100,11,  5.844506969573289e-02
2101,11,  5.844506823460636e-02
2102,11,  5.844505800672101e-02
2103,11,  5.844505946784749e-02
2104,11,  5.844505771449568e-02
2105,11,  5.844506282843840e-02
2106,11,  5.844505815283364e-02
2107,11,  5.844505815283365e-02
2108,11,  5.844505815283365e-02
2109,11,  5.844504422804665e-02
2110,11,  5.844504276692029e-02
2111,11,  5.844508660071221e-02
2112,11,  5.844504422804665e-02
2113,11,  5.844504422804673e-02
2114,11,  5.844504422804673e-02
2115,11,  5.844504276692021e-02
2116,11,  5.844508660071220e-02
2117,11,  5.844504422804673e-02
2118,11,  5.844504422804665e-02
2119,11,  5.844508806183856e-02
2120,11,  5.844506468381624e-02
2121,11,  5.844504276692029e-02
2122,11,  5.844504422804665e-02
2123,11,  5.844504422804669e-02
2124,11,  5.844506614494265e-02
2125,11,  5.844506468381620e-02
2126,11,  5.844505445593148e-02
2127,11,  5.844505591705786e-02
2128,11,  5.844505416370616e-02
2129,11,  5.844505927764858e-02
2130,11,  5.844505460204410e-02
2131,11,  5.844505460204411e-02
2132,11,  5.844505460204411e-02
