** Assembled nodal loads
*CLOAD, REAL
27,11,  6.237339227618210e-04
28,11,  6.237342782901632e-04
29,11,  1.169620244461673e-02
30,11,  1.169619577778501e-02
31,11,  1.224173251279671e-02
32,11,  1.224172553501302e-02
369,11,  1.247467842404972e-03
370,11,  1.247467842404972e-03
371,11,  1.247467842404972e-03
372,11,  1.247467942202402e-03
373,11,  1.247467833048963e-03
374,11,  1.247467870472999e-03
375,11,  1.247467839286302e-03
376,11,  1.247468057593179e-03
377,11,  1.247468088779877e-03
378,11,  1.247467620979425e-03
379,11,  1.247467620979425e-03
380,11,  1.247467589792729e-03
381,11,  1.247468057593179e-03
382,11,  1.247468556580327e-03
383,11,  1.247467620979425e-03
384,11,  1.247467620979426e-03
385,11,  1.247468525393631e-03
386,11,  1.247467589792727e-03
387,11,  1.247467620979426e-03
388,11,  1.247467620979426e-03
389,11,  1.247467620979424e-03
390,11,  1.247468525393630e-03
391,11,  1.247467589792728e-03
392,11,  1.247467620979424e-03
397,11,  2.339238734493945e-02
398,11,  2.339238676012967e-02
399,11,  2.339240430442368e-02
400,11,  2.339238734493945e-02
401,11,  2.339238734493947e-02
402,11,  2.339238734493948e-02
403,11,  2.339238676012963e-02
404,11,  2.339240430442367e-02
405,11,  2.339238734493948e-02
406,11,  2.339238734493945e-02
407,11,  2.339240488923345e-02
408,11,  2.339239553227667e-02
409,11,  2.339238676012966e-02
410,11,  2.339238734493944e-02
411,11,  2.339238734493946e-02
412,11,  2.339239611708646e-02
413,11,  2.339239553227666e-02
414,11,  2.339239143860807e-02
415,11,  2.339239202341786e-02
416,11,  2.339239132164609e-02
417,11,  2.339239336848040e-02
418,11,  2.339239149708904e-02
419,11,  2.339239149708904e-02
420,11,  2.339239149708904e-02
421,11,  2.448345100881742e-02
422,11,  2.448345100881742e-02
423,11,  2.448345100881742e-02
424,11,  2.448345296749355e-02
425,11,  2.448345082519153e-02
426,11,  2.448345155969509e-02
427,11,  2.448345094760880e-02
428,11,  2.448345523221280e-02
429,11,  2.448345584429910e-02
430,11,  2.448344666300477e-02
431,11,  2.448344666300475e-02
432,11,  2.448344605091849e-02
433,11,  2.448345523221281e-02
434,11,  2.448346502559342e-02
435,11,  2.448344666300477e-02
436,11,  2.448344666300480e-02
437,11,  2.448346441350715e-02
438,11,  2.448344605091846e-02
439,11,  2.448344666300480e-02
440,11,  2.448344666300480e-02
441,11,  2.448344666300475e-02
442,11,  2.448346441350714e-02
443,11,  2.448344605091848e-02
444,11,  2.448344666300476e-02
445,11,  2.339223782281402e-02
446,11,  2.339239121761959e-02
447,11,  2.339240455128283e-02
448,11,  2.339225115638983e-02
785,11,  4.678477401397816e-02
786,11,  4.678477284435861e-02
787,11,  4.678480793294612e-02
788,11,  4.678477401397815e-02
789,11,  4.678477401397822e-02
790,11,  4.678477401397822e-02
791,11,  4.678477284435854e-02
792,11,  4.678480793294611e-02
793,11,  4.678477401397822e-02
794,11,  4.678477401397816e-02
795,11,  4.678480910256566e-02
796,11,  4.678479038865236e-02
797,11,  4.678477284435861e-02
798,11,  4.678477401397814e-02
799,11,  4.678477401397817e-02
800,11,  4.678479155827195e-02
801,11,  4.678479038865233e-02
802,11,  4.678478220131527e-02
803,11,  4.678478337093486e-02
804,11,  4.678478196739133e-02
805,11,  4.678478606105990e-02
806,11,  4.678478231827722e-02
807,11,  4.678478231827721e-02
808,11,  4.678478231827721e-02
809,11,  4.678446722442225e-02
810,11,  4.678446605481037e-02
811,11,  4.678450114316778e-02
812,11,  4.678446722442225e-02
813,11,  4.678446722442232e-02
814,11,  4.678446722442232e-02
815,11,  4.678446605481031e-02
816,11,  4.678450114316779e-02
817,11,  4.678446722442232e-02
818,11,  4.678446722442225e-02
819,11,  4.678450231277967e-02
820,11,  4.678448359898908e-02
821,11,  4.678446605481037e-02
822,11,  4.678446722442225e-02
823,11,  4.678446722442228e-02
824,11,  4.678448476860100e-02
825,11,  4.678448359898905e-02
826,11,  4.678447541170568e-02
827,11,  4.678447658131760e-02
828,11,  4.678447517778328e-02
829,11,  4.678447927142500e-02
830,11,  4.678447552866687e-02
831,11,  4.678447552866687e-02
832,11,  4.678447552866687e-02
885,11,  4.995251368595532e-04
886,11,  4.995251368595537e-04
887,11,  9.990495244318138e-04
888,11,  9.990495244318143e-04
889,11,  9.990494994555714e-04
890,11,  9.990494994555719e-04
891,11,  9.990502487428640e-04
892,11,  9.990502487428649e-04
893,11,  9.990495244318138e-04
894,11,  9.990495244318143e-04
895,11,  9.990495244318154e-04
896,11,  9.990495244318154e-04
897,11,  9.990495244318154e-04
898,11,  9.990495244318154e-04
899,11,  9.990494994555703e-04
900,11,  9.990494994555703e-04
901,11,  9.990502487428644e-04
902,11,  9.990502487428644e-04
903,11,  9.990495244318154e-04
904,11,  9.990495244318154e-04
905,11,  9.990495244318143e-04
906,11,  9.990495244318138e-04
907,11,  9.990502737191069e-04
908,11,  9.990502737191069e-04
909,11,  9.990498740992176e-04
910,11,  9.990498740992185e-04
911,11,  9.990494994555716e-04
912,11,  9.990494994555716e-04
913,11,  9.990495244318141e-04
914,11,  9.990495244318141e-04
915,11,  9.990495244318145e-04
916,11,  9.990495244318149e-04
917,11,  9.990498990754611e-04
918,11,  9.990498990754611e-04
919,11,  9.990498740992174e-04
920,11,  9.990498740992174e-04
921,11,  9.990496992655165e-04
922,11,  9.990496992655165e-04
923,11,  9.990497242417593e-04
924,11,  9.990497242417596e-04
925,11,  9.990496942702673e-04
926,11,  9.990496942702673e-04
927,11,  9.990497816871186e-04
928,11,  9.990497816871186e-04
929,11,  9.990497017631408e-04
930,11,  9.990497017631408e-04
931,11,  9.990497017631408e-04
932,11,  9.990497017631408e-04
933,11,  9.990497017631408e-04
934,11,  9.990497017631408e-04
935,11,  4.995248521303824e-04
936,11,  4.995248521303824e-04
946,11,  6.125529682196428e-04
947,11,  5.917358512170463e-03
948,11,  1.866624893299609e-02
949,11,  6.247179747053776e-04
950,11,  5.917361915661465e-03
951,11,  1.866625967262567e-02
965,11,  1.131744471963546e-02
966,11,  1.131743826869552e-02
967,11,  9.643300738871654e-03
968,11,  9.643306235553173e-03
969,11,  1.595143174094777e-02
970,11,  1.595142264863630e-02
977,11,  5.451188335780679e-04
978,11,  5.572842482042574e-04
983,11,  4.763477118203335e-03
984,11,  4.763479833385341e-03
1081,11,  3.733249777772474e-02
1082,11,  3.733249778594486e-02
1083,11,  3.733249779431980e-02
1084,11,  3.733250078928284e-02
1085,11,  3.733249753104120e-02
1086,11,  3.733249865935739e-02
1087,11,  3.733249773437484e-02
1088,11,  3.733250427588115e-02
1089,11,  3.733250521750146e-02
1090,11,  3.733249122611144e-02
1091,11,  3.733249123439706e-02
1092,11,  3.733249030935929e-02
1093,11,  3.733250431731035e-02
1094,11,  3.733251925856269e-02
1095,11,  3.733249126743084e-02
1096,11,  3.733249127566187e-02
1097,11,  3.733251834994353e-02
1098,11,  3.733249035877899e-02
1099,11,  3.733249130029011e-02
1100,11,  3.733249130847802e-02
1101,11,  3.733249131665495e-02
1102,11,  3.733251839088296e-02
1103,11,  3.733249039966452e-02
1104,11,  3.733249134096303e-02
1129,11,  1.183471495326392e-02
1130,11,  1.183471465482148e-02
1131,11,  1.183472352842547e-02
1132,11,  1.183471494581761e-02
1133,11,  1.183471494337644e-02
1134,11,  1.183471494093162e-02
1135,11,  1.183471464261545e-02
1136,11,  1.183472351620158e-02
1137,11,  1.183471493357631e-02
1138,11,  1.183471493111753e-02
1139,11,  1.183472380469301e-02
1140,11,  1.183471906834020e-02
1141,11,  1.183471462785162e-02
1142,11,  1.183471492124654e-02
1143,11,  1.183471491876997e-02
1144,11,  1.183471935430861e-02
1145,11,  1.183471905595688e-02
1146,11,  1.183471698239384e-02
1147,11,  1.183471727577077e-02
1148,11,  1.183471691823449e-02
1149,11,  1.183471795127404e-02
1150,11,  1.183471700199480e-02
1151,11,  1.183471699948932e-02
1152,11,  1.183471699683481e-02
1153,11,  1.225772529696669e-03
1154,11,  1.226772354828966e-03
1155,11,  1.227772208294405e-03
1156,11,  1.228772116762831e-03
1157,11,  1.229771817625465e-03
1158,11,  1.230771709798459e-03
1159,11,  1.231771502353537e-03
1160,11,  1.232771573428564e-03
1161,11,  1.233771427655759e-03
1162,11,  1.234770820073511e-03
1163,11,  1.235770627535377e-03
1164,11,  1.236770404069753e-03
1165,11,  1.237770723307643e-03
1166,11,  1.238771042324199e-03
1167,11,  1.239769967953996e-03
1168,11,  1.240769776749401e-03
1169,11,  1.241770486736510e-03
1170,11,  1.242769408442065e-03
1171,11,  1.243769264961775e-03
1172,11,  1.244769117753305e-03
1173,11,  1.245768943212304e-03
1174,11,  1.246769700153210e-03
1175,11,  1.247768574781027e-03
1176,11,  1.248768414759188e-03
1321,11,  2.263487648080386e-02
1322,11,  2.263487648080385e-02
1323,11,  2.263487648080385e-02
1324,11,  2.263487829159401e-02
1325,11,  2.263487631104227e-02
1326,11,  2.263487699008859e-02
1327,11,  2.263487642421667e-02
1328,11,  2.263488038532012e-02
1329,11,  2.263488095119206e-02
1330,11,  2.263487246311319e-02
1331,11,  2.263487246311318e-02
1332,11,  2.263487189724127e-02
1333,11,  2.263488038532014e-02
1334,11,  2.263488943927091e-02
1335,11,  2.263487246311317e-02
1336,11,  2.263487246311321e-02
1337,11,  2.263488887339900e-02
1338,11,  2.263487189724124e-02
1339,11,  2.263487246311321e-02
1340,11,  2.263487246311321e-02
1341,11,  2.263487246311318e-02
1342,11,  2.263488887339901e-02
1343,11,  2.263487189724128e-02
1344,11,  2.263487246311319e-02
1345,11,  1.928659800615496e-02
1346,11,  1.928659752398993e-02
1347,11,  1.928661198894131e-02
1348,11,  1.928659800615496e-02
1349,11,  1.928659800615499e-02
1350,11,  1.928659800615499e-02
1351,11,  1.928659752398991e-02
1352,11,  1.928661198894132e-02
1353,11,  1.928659800615499e-02
1354,11,  1.928659800615497e-02
1355,11,  1.928661247110636e-02
1356,11,  1.928660475646562e-02
1357,11,  1.928659752398993e-02
1358,11,  1.928659800615496e-02
1359,11,  1.928659800615497e-02
1360,11,  1.928660523863068e-02
1361,11,  1.928660475646561e-02
1362,11,  1.928660138131030e-02
1363,11,  1.928660186347535e-02
1364,11,  1.928660128487729e-02
1365,11,  1.928660297245496e-02
1366,11,  1.928660142952680e-02
1367,11,  1.928660142952680e-02
1368,11,  1.928660142952680e-02
1369,11,  3.190283955476109e-02
1370,11,  3.190283875718994e-02
1371,11,  3.190286268432434e-02
1372,11,  3.190283955476100e-02
1373,11,  3.190283955476102e-02
1374,11,  3.190283955476098e-02
1375,11,  3.190283875718974e-02
1376,11,  3.190286268432419e-02
1377,11,  3.190283955476089e-02
1378,11,  3.190283955476082e-02
1379,11,  3.190286348189521e-02
1380,11,  3.190285072075683e-02
1381,11,  3.190283875718958e-02
1382,11,  3.190283955476068e-02
1383,11,  3.190283955476067e-02
1384,11,  3.190285151832785e-02
1385,11,  3.190285072075665e-02
1386,11,  3.190284513775860e-02
1387,11,  3.190284593532972e-02
1388,11,  3.190284497824430e-02
1389,11,  3.190284776974329e-02
1390,11,  3.190284521751558e-02
1391,11,  3.190284521751555e-02
1392,11,  3.190284521751551e-02
1393,11,  2.562885803769419e-02
1394,11,  2.562885821836453e-02
1395,11,  2.562887285904913e-02
1396,11,  2.562887264603387e-02
1481,11,  1.090904269399987e-03
1482,11,  1.091904133031591e-03
1483,11,  1.092904024959190e-03
1484,11,  1.093903961066694e-03
1485,11,  1.094903712116359e-03
1486,11,  1.095903638595043e-03
1487,11,  1.096903472841467e-03
1488,11,  1.097903558587336e-03
1489,11,  1.098903447689347e-03
1490,11,  1.099902928888850e-03
1491,11,  1.100902774523409e-03
1492,11,  1.101902592559998e-03
1493,11,  1.102902899318883e-03
1494,11,  1.103903202452876e-03
1495,11,  1.104902267251557e-03
1496,11,  1.105902114038469e-03
1497,11,  1.106902764202536e-03
1498,11,  1.107901824974660e-03
1499,11,  1.108901716000620e-03
1500,11,  1.109901606635994e-03
1501,11,  1.110901469907112e-03
1502,11,  1.111902166835172e-03
1503,11,  1.112901180353101e-03
1504,11,  1.113901054666747e-03
1553,11,  9.526952521554867e-03
1554,11,  9.526952283381011e-03
1555,11,  9.526959428596828e-03
1556,11,  9.526952521554865e-03
1557,11,  9.526952521554879e-03
1558,11,  9.526952521554879e-03
1559,11,  9.526952283380999e-03
1560,11,  9.526959428596830e-03
1561,11,  9.526952521554879e-03
1562,11,  9.526952521554867e-03
1563,11,  9.526959666770682e-03
1564,11,  9.526955855988919e-03
1565,11,  9.526952283381013e-03
1566,11,  9.526952521554865e-03
1567,11,  9.526952521554872e-03
1568,11,  9.526956094162780e-03
1569,11,  9.526955855988915e-03
1570,11,  9.526954188771898e-03
1571,11,  9.526954426945761e-03
1572,11,  9.526954141137123e-03
1573,11,  9.526954974745639e-03
1574,11,  9.526954212589284e-03
1575,11,  9.526954212589284e-03
1576,11,  9.526954212589284e-03
1577,11,  5.125770684878400e-02
1578,11,  5.125770556734938e-02
1579,11,  5.125774401064628e-02
1580,11,  5.125770684881052e-02
1581,11,  5.125770684881974e-02
1582,11,  5.125770684882892e-02
1583,11,  5.125770556739506e-02
1584,11,  5.125774401069214e-02
1585,11,  5.125770684885650e-02
1586,11,  5.125770684886565e-02
1587,11,  5.125774529216270e-02
1588,11,  5.125772478908514e-02
1589,11,  5.125770556745049e-02
1590,11,  5.125770684890264e-02
1591,11,  5.125770684891197e-02
1592,11,  5.125772607056517e-02
1593,11,  5.125772478913151e-02
1594,11,  5.125771581904037e-02
1595,11,  5.125771710049262e-02
1596,11,  5.125771556277042e-02
1597,11,  5.125772004783005e-02
1598,11,  5.125771594722205e-02
1599,11,  5.125771594723137e-02
1600,11,  5.125771594723989e-02
1601,11,  5.125770727333231e-02
1602,11,  5.125770598933786e-02
1603,11,  5.125774442997981e-02
1604,11,  5.125770726548524e-02
1605,11,  5.125770726283257e-02
1606,11,  5.125770726017634e-02
1607,11,  5.125770597607367e-02
1608,11,  5.125774441669873e-02
1609,11,  5.125770725218710e-02
1610,11,  5.125770724951708e-02
1611,11,  5.125774569013167e-02
1612,11,  5.125772518436778e-02
1613,11,  5.125770596004325e-02
1614,11,  5.125770723880229e-02
1615,11,  5.125770723611495e-02
1616,11,  5.125772645506805e-02
1617,11,  5.125772517093064e-02
1618,11,  5.125771619813213e-02
1619,11,  5.125771747687360e-02
1620,11,  5.125771593643701e-02
1621,11,  5.125772041877880e-02
1622,11,  5.125771631544936e-02
1623,11,  5.125771631273334e-02
1624,11,  5.125771631010799e-02
1773,11,  1.185417598921183e-02
1776,11,  1.185416923233521e-02
1777,11,  1.185170223789302e-02
1780,11,  1.185169548242645e-02
1829,11,  2.370833419716943e-02
1830,11,  2.370833360446096e-02
1831,11,  2.370835138571516e-02
1832,11,  2.370833419716942e-02
1833,11,  2.370833419716945e-02
1834,11,  2.370833419716945e-02
1835,11,  2.370833360446092e-02
1836,11,  2.370835138571515e-02
1837,11,  2.370833419716945e-02
1838,11,  2.370833419716941e-02
1839,11,  2.370835197842361e-02
1840,11,  2.370834249508805e-02
1841,11,  2.370833360446094e-02
1842,11,  2.370833419716941e-02
1843,11,  2.370833419716943e-02
1844,11,  2.370834308779653e-02
1845,11,  2.370834249508804e-02
1846,11,  2.370833834612874e-02
1847,11,  2.370833893883721e-02
1848,11,  2.370833822758703e-02
1849,11,  2.370834030206670e-02
1850,11,  2.370833840539958e-02
1851,11,  2.370833840539958e-02
1852,11,  2.370833840539958e-02
1901,11,  2.370339090559444e-02
1902,11,  2.370339090559444e-02
1903,11,  2.370339090559444e-02
1904,11,  2.370339280186575e-02
1905,11,  2.370339072781900e-02
1906,11,  2.370339143892075e-02
1907,11,  2.370339084633596e-02
1908,11,  2.370339499442944e-02
1909,11,  2.370339558701424e-02
1910,11,  2.370338669824246e-02
1911,11,  2.370338669824245e-02
1912,11,  2.370338610565767e-02
1913,11,  2.370339499442944e-02
1914,11,  2.370340447578601e-02
1915,11,  2.370338669824245e-02
1916,11,  2.370338669824248e-02
1917,11,  2.370340388320125e-02
1918,11,  2.370338610565765e-02
1919,11,  2.370338669824248e-02
1920,11,  2.370338669824248e-02
1921,11,  2.370338669824244e-02
1922,11,  2.370340388320124e-02
1923,11,  2.370338610565767e-02
1924,11,  2.370338669824246e-02
1925,11,  2.370338890438796e-02
1926,11,  2.370338921657961e-02
1927,11,  2.370339034047050e-02
1928,11,  2.370338893342323e-02
1929,11,  2.370340244435521e-02
1930,11,  2.370340385140328e-02
1931,11,  2.370340272751176e-02
1932,11,  2.370340241531993e-02
1941,11,  4.740676927555577e-02
1942,11,  4.740676809038630e-02
1943,11,  4.740680364547034e-02
1944,11,  4.740676927555573e-02
1945,11,  4.740676927555580e-02
1946,11,  4.740676927555580e-02
1947,11,  4.740676809038623e-02
1948,11,  4.740680364547035e-02
1949,11,  4.740676927555580e-02
1950,11,  4.740676927555573e-02
1951,11,  4.740680483063978e-02
1952,11,  4.740678586792831e-02
1953,11,  4.740676809038628e-02
1954,11,  4.740676927555573e-02
1955,11,  4.740676927555577e-02
1956,11,  4.740678705309779e-02
1957,11,  4.740678586792829e-02
1958,11,  4.740677757174205e-02
1959,11,  4.740677875691152e-02
1960,11,  4.740677733470813e-02
1961,11,  4.740678148280129e-02
1962,11,  4.740677769025899e-02
1963,11,  4.740677769025899e-02
1964,11,  4.740677769025899e-02
1965,11,  4.740676989993897e-02
1966,11,  4.740676871476948e-02
1967,11,  4.740680426985400e-02
1968,11,  4.740676989993893e-02
1969,11,  4.740676989993899e-02
1970,11,  4.740676989993899e-02
1971,11,  4.740676871476941e-02
1972,11,  4.740680426985399e-02
1973,11,  4.740676989993899e-02
1974,11,  4.740676989993893e-02
1975,11,  4.740680545502345e-02
1976,11,  4.740678649231173e-02
1977,11,  4.740676871476945e-02
1978,11,  4.740676989993893e-02
1979,11,  4.740676989993896e-02
1980,11,  4.740678767748122e-02
1981,11,  4.740678649231170e-02
1982,11,  4.740677819612535e-02
1983,11,  4.740677938129483e-02
1984,11,  4.740677795909144e-02
1985,11,  4.740678210718464e-02
1986,11,  4.740677831464229e-02
1987,11,  4.740677831464228e-02
1988,11,  4.740677831464228e-02
1989,11,  4.740677214772033e-02
1990,11,  4.740677096255080e-02
1991,11,  4.740680651763700e-02
1992,11,  4.740677214772030e-02
1993,11,  4.740677214772037e-02
1994,11,  4.740677214772037e-02
1995,11,  4.740677096255073e-02
1996,11,  4.740680651763699e-02
1997,11,  4.740677214772036e-02
1998,11,  4.740677214772030e-02
1999,11,  4.740680770280650e-02
2000,11,  4.740678874009388e-02
2001,11,  4.740677096255078e-02
2002,11,  4.740677214772029e-02
2003,11,  4.740677214772033e-02
2004,11,  4.740678992526343e-02
2005,11,  4.740678874009387e-02
2006,11,  4.740678044390711e-02
2007,11,  4.740678162907665e-02
2008,11,  4.740678020687318e-02
2009,11,  4.740678435496659e-02
2010,11,  4.740678056242406e-02
2011,11,  4.740678056242406e-02
2012,11,  4.740678056242406e-02
2013,11,  4.740676933362629e-02
2014,11,  4.740676814845682e-02
2015,11,  4.740680370354092e-02
2016,11,  4.740676933362626e-02
2017,11,  4.740676933362632e-02
2018,11,  4.740676933362632e-02
2019,11,  4.740676814845675e-02
2020,11,  4.740680370354091e-02
2021,11,  4.740676933362632e-02
2022,11,  4.740676933362626e-02
2023,11,  4.740680488871036e-02
2024,11,  4.740678592599885e-02
2025,11,  4.740676814845680e-02
2026,11,  4.740676933362627e-02
2027,11,  4.740676933362629e-02
2028,11,  4.740678711116834e-02
2029,11,  4.740678592599883e-02
2030,11,  4.740677762981257e-02
2031,11,  4.740677881498205e-02
2032,11,  4.740677739277866e-02
2033,11,  4.740678154087183e-02
2034,11,  4.740677774832952e-02
2035,11,  4.740677774832952e-02
2036,11,  4.740677774832952e-02
