** Assembled nodal loads
*CLOAD, REAL
27,11,  1.245101697696679e-03
28,11,  1.245102407404660e-03
29,11,  1.169620244382561e-02
30,11,  1.169619577699388e-02
31,11,  1.278378397451620e-02
32,11,  1.278377668776335e-02
369,11,  2.490203389167851e-03
370,11,  2.490203389167851e-03
371,11,  2.490203389167851e-03
372,11,  2.490203588384126e-03
373,11,  2.490203370491324e-03
374,11,  2.490203445197428e-03
375,11,  2.490203382942342e-03
376,11,  2.490203818727943e-03
377,11,  2.490203880983031e-03
378,11,  2.490202947156740e-03
379,11,  2.490202947156738e-03
380,11,  2.490202884901654e-03
381,11,  2.490203818727944e-03
382,11,  2.490204814809320e-03
383,11,  2.490202947156739e-03
384,11,  2.490202947156742e-03
385,11,  2.490204752554237e-03
386,11,  2.490202884901650e-03
387,11,  2.490202947156741e-03
388,11,  2.490202947156741e-03
389,11,  2.490202947156737e-03
390,11,  2.490204752554235e-03
391,11,  2.490202884901653e-03
392,11,  2.490202947156738e-03
397,11,  2.339238734335720e-02
398,11,  2.339238675854742e-02
399,11,  2.339240430284143e-02
400,11,  2.339238734335720e-02
401,11,  2.339238734335723e-02
402,11,  2.339238734335723e-02
403,11,  2.339238675854738e-02
404,11,  2.339240430284142e-02
405,11,  2.339238734335723e-02
406,11,  2.339238734335719e-02
407,11,  2.339240488765120e-02
408,11,  2.339239553069442e-02
409,11,  2.339238675854741e-02
410,11,  2.339238734335719e-02
411,11,  2.339238734335721e-02
412,11,  2.339239611550421e-02
413,11,  2.339239553069440e-02
414,11,  2.339239143702581e-02
415,11,  2.339239202183561e-02
416,11,  2.339239132006384e-02
417,11,  2.339239336689815e-02
418,11,  2.339239149550679e-02
419,11,  2.339239149550679e-02
420,11,  2.339239149550679e-02
421,11,  2.556755331160783e-02
422,11,  2.556755331160783e-02
423,11,  2.556755331160783e-02
424,11,  2.556755535701214e-02
425,11,  2.556755311985117e-02
426,11,  2.556755388687779e-02
427,11,  2.556755324768895e-02
428,11,  2.556755772201086e-02
429,11,  2.556755836119972e-02
430,11,  2.556754877336702e-02
431,11,  2.556754877336700e-02
432,11,  2.556754813417817e-02
433,11,  2.556755772201088e-02
434,11,  2.556756794903241e-02
435,11,  2.556754877336701e-02
436,11,  2.556754877336704e-02
437,11,  2.556756730984358e-02
438,11,  2.556754813417814e-02
439,11,  2.556754877336705e-02
440,11,  2.556754877336704e-02
441,11,  2.556754877336700e-02
442,11,  2.556756730984357e-02
443,11,  2.556754813417817e-02
444,11,  2.556754877336700e-02
445,11,  2.339208489657076e-02
446,11,  2.339239087985436e-02
447,11,  2.339240421351742e-02
448,11,  2.339209823005941e-02
785,11,  4.678477333844783e-02
786,11,  4.678477216882829e-02
787,11,  4.678480725741529e-02
788,11,  4.678477333844782e-02
789,11,  4.678477333844788e-02
790,11,  4.678477333844789e-02
791,11,  4.678477216882822e-02
792,11,  4.678480725741528e-02
793,11,  4.678477333844788e-02
794,11,  4.678477333844782e-02
795,11,  4.678480842703482e-02
796,11,  4.678478971312178e-02
797,11,  4.678477216882828e-02
798,11,  4.678477333844781e-02
799,11,  4.678477333844785e-02
800,11,  4.678479088274135e-02
801,11,  4.678478971312175e-02
802,11,  4.678478152578482e-02
803,11,  4.678478269540438e-02
804,11,  4.678478129186088e-02
805,11,  4.678478538552939e-02
806,11,  4.678478164274676e-02
807,11,  4.678478164274677e-02
808,11,  4.678478164274677e-02
809,11,  4.678416137199079e-02
810,11,  4.678416020238656e-02
811,11,  4.678419529051458e-02
812,11,  4.678416137199079e-02
813,11,  4.678416137199086e-02
814,11,  4.678416137199086e-02
815,11,  4.678416020238649e-02
816,11,  4.678419529051459e-02
817,11,  4.678416137199086e-02
818,11,  4.678416137199079e-02
819,11,  4.678419646011882e-02
820,11,  4.678417774645056e-02
821,11,  4.678416020238655e-02
822,11,  4.678416137199079e-02
823,11,  4.678416137199082e-02
824,11,  4.678417891605483e-02
825,11,  4.678417774645054e-02
826,11,  4.678416955922070e-02
827,11,  4.678417072882496e-02
828,11,  4.678416932529982e-02
829,11,  4.678417341891478e-02
830,11,  4.678416967618111e-02
831,11,  4.678416967618111e-02
832,11,  4.678416967618111e-02
885,11,  9.981018216967598e-04
886,11,  9.981018216967607e-04
887,11,  1.996202146241612e-03
888,11,  1.996202146241612e-03
889,11,  1.996202096336550e-03
890,11,  1.996202096336551e-03
891,11,  1.996203593488457e-03
892,11,  1.996203593488459e-03
893,11,  1.996202146241612e-03
894,11,  1.996202146241612e-03
895,11,  1.996202146241615e-03
896,11,  1.996202146241615e-03
897,11,  1.996202146241615e-03
898,11,  1.996202146241615e-03
899,11,  1.996202096336547e-03
900,11,  1.996202096336547e-03
901,11,  1.996203593488458e-03
902,11,  1.996203593488458e-03
903,11,  1.996202146241615e-03
904,11,  1.996202146241615e-03
905,11,  1.996202146241612e-03
906,11,  1.996202146241612e-03
907,11,  1.996203643393521e-03
908,11,  1.996203643393521e-03
909,11,  1.996202844912504e-03
910,11,  1.996202844912505e-03
911,11,  1.996202096336550e-03
912,11,  1.996202096336550e-03
913,11,  1.996202146241612e-03
914,11,  1.996202146241612e-03
915,11,  1.996202146241613e-03
916,11,  1.996202146241614e-03
917,11,  1.996202894817568e-03
918,11,  1.996202894817568e-03
919,11,  1.996202844912503e-03
920,11,  1.996202844912503e-03
921,11,  1.996202495577059e-03
922,11,  1.996202495577059e-03
923,11,  1.996202545482122e-03
924,11,  1.996202545482122e-03
925,11,  1.996202485596045e-03
926,11,  1.996202485596045e-03
927,11,  1.996202660263769e-03
928,11,  1.996202660263769e-03
929,11,  1.996202500567565e-03
930,11,  1.996202500567565e-03
931,11,  1.996202500567565e-03
932,11,  1.996202500567565e-03
933,11,  1.996202500567565e-03
934,11,  1.996202500567565e-03
935,11,  9.981012527790355e-04
936,11,  9.981012527790355e-04
946,11,  1.224899987388996e-03
947,11,  5.982882044998280e-03
948,11,  1.866624796965508e-02
949,11,  1.249225951306204e-03
950,11,  5.982885487056999e-03
951,11,  1.866625870968440e-02
965,11,  1.131744471963546e-02
966,11,  1.131743826869552e-02
967,11,  9.643300738871654e-03
968,11,  9.643306235553175e-03
969,11,  1.595143174094774e-02
970,11,  1.595142264863628e-02
977,11,  1.090142063473669e-03
978,11,  1.114469739518984e-03
983,11,  4.763477118203335e-03
984,11,  4.763479833385341e-03
1081,11,  3.733249585141694e-02
1082,11,  3.733249585975849e-02
1083,11,  3.733249586812447e-02
1084,11,  3.733249886307861e-02
1085,11,  3.733249560482841e-02
1086,11,  3.733249673313586e-02
1087,11,  3.733249580814467e-02
1088,11,  3.733250234964198e-02
1089,11,  3.733250329125356e-02
1090,11,  3.733248929985565e-02
1091,11,  3.733248930813261e-02
1092,11,  3.733248838308625e-02
1093,11,  3.733250239102801e-02
1094,11,  3.733251733227097e-02
1095,11,  3.733248934113201e-02
1096,11,  3.733248934935446e-02
1097,11,  3.733251642362615e-02
1098,11,  3.733248843245453e-02
1099,11,  3.733248937395706e-02
1100,11,  3.733248938213648e-02
1101,11,  3.733248939030488e-02
1102,11,  3.733251646452304e-02
1103,11,  3.733248847329733e-02
1104,11,  3.733248941471496e-02
1129,11,  1.196576199707696e-02
1130,11,  1.196576169510097e-02
1131,11,  1.196577066696622e-02
1132,11,  1.196576198932473e-02
1133,11,  1.196576198685911e-02
1134,11,  1.196576198438975e-02
1135,11,  1.196576168277289e-02
1136,11,  1.196577065461969e-02
1137,11,  1.196576197696071e-02
1138,11,  1.196576197447732e-02
1139,11,  1.196577094631337e-02
1140,11,  1.196576615751705e-02
1141,11,  1.196576166786103e-02
1142,11,  1.196576196450738e-02
1143,11,  1.196576196200603e-02
1144,11,  1.196576644666243e-02
1145,11,  1.196576614500968e-02
1146,11,  1.196576404848845e-02
1147,11,  1.196576434511666e-02
1148,11,  1.196576398362393e-02
1149,11,  1.196576502810512e-02
1150,11,  1.196576406831710e-02
1151,11,  1.196576406578685e-02
1152,11,  1.196576406286958e-02
1153,11,  2.451132978148023e-03
1154,11,  2.453132292247159e-03
1155,11,  2.455131663018756e-03
1156,11,  2.457131143772786e-03
1157,11,  2.459130209384709e-03
1158,11,  2.461129657559029e-03
1159,11,  2.463128906523337e-03
1160,11,  2.465128712441731e-03
1161,11,  2.467128084729710e-03
1162,11,  2.469126533561872e-03
1163,11,  2.471125812336989e-03
1164,11,  2.473125029267604e-03
1165,11,  2.475125331428695e-03
1166,11,  2.477125633139521e-03
1167,11,  2.479123148553139e-03
1168,11,  2.481122429995110e-03
1169,11,  2.483123513518109e-03
1170,11,  2.485121021084381e-03
1171,11,  2.487120397957719e-03
1172,11,  2.489119767383115e-03
1173,11,  2.491119082145624e-03
1174,11,  2.493120259565938e-03
1175,11,  2.495117672987835e-03
1176,11,  2.497117016776860e-03
1321,11,  2.263487648080386e-02
1322,11,  2.263487648080385e-02
1323,11,  2.263487648080385e-02
1324,11,  2.263487829159401e-02
1325,11,  2.263487631104227e-02
1326,11,  2.263487699008859e-02
1327,11,  2.263487642421667e-02
1328,11,  2.263488038532012e-02
1329,11,  2.263488095119206e-02
1330,11,  2.263487246311319e-02
1331,11,  2.263487246311318e-02
1332,11,  2.263487189724127e-02
1333,11,  2.263488038532014e-02
1334,11,  2.263488943927091e-02
1335,11,  2.263487246311317e-02
1336,11,  2.263487246311321e-02
1337,11,  2.263488887339900e-02
1338,11,  2.263487189724124e-02
1339,11,  2.263487246311321e-02
1340,11,  2.263487246311321e-02
1341,11,  2.263487246311318e-02
1342,11,  2.263488887339901e-02
1343,11,  2.263487189724128e-02
1344,11,  2.263487246311319e-02
1345,11,  1.928659800615496e-02
1346,11,  1.928659752398993e-02
1347,11,  1.928661198894131e-02
1348,11,  1.928659800615496e-02
1349,11,  1.928659800615499e-02
1350,11,  1.928659800615499e-02
1351,11,  1.928659752398991e-02
1352,11,  1.928661198894132e-02
1353,11,  1.928659800615499e-02
1354,11,  1.928659800615497e-02
1355,11,  1.928661247110636e-02
1356,11,  1.928660475646562e-02
1357,11,  1.928659752398993e-02
1358,11,  1.928659800615496e-02
1359,11,  1.928659800615497e-02
1360,11,  1.928660523863068e-02
1361,11,  1.928660475646561e-02
1362,11,  1.928660138131030e-02
1363,11,  1.928660186347535e-02
1364,11,  1.928660128487729e-02
1365,11,  1.928660297245496e-02
1366,11,  1.928660142952681e-02
1367,11,  1.928660142952680e-02
1368,11,  1.928660142952680e-02
1369,11,  3.190283955476104e-02
1370,11,  3.190283875718988e-02
1371,11,  3.190286268432428e-02
1372,11,  3.190283955476095e-02
1373,11,  3.190283955476096e-02
1374,11,  3.190283955476093e-02
1375,11,  3.190283875718969e-02
1376,11,  3.190286268432414e-02
1377,11,  3.190283955476083e-02
1378,11,  3.190283955476076e-02
1379,11,  3.190286348189516e-02
1380,11,  3.190285072075677e-02
1381,11,  3.190283875718953e-02
1382,11,  3.190283955476062e-02
1383,11,  3.190283955476061e-02
1384,11,  3.190285151832779e-02
1385,11,  3.190285072075660e-02
1386,11,  3.190284513775855e-02
1387,11,  3.190284593532966e-02
1388,11,  3.190284497824424e-02
1389,11,  3.190284776974323e-02
1390,11,  3.190284521751553e-02
1391,11,  3.190284521751549e-02
1392,11,  3.190284521751546e-02
1393,11,  2.562885803770179e-02
1394,11,  2.562885821603827e-02
1395,11,  2.562887285668947e-02
1396,11,  2.562887264604159e-02
1481,11,  2.181617169773832e-03
1482,11,  2.183616637737140e-03
1483,11,  2.185616162224011e-03
1484,11,  2.187615774997213e-03
1485,11,  2.189615017602430e-03
1486,11,  2.191614610965441e-03
1487,11,  2.193614019812786e-03
1488,11,  2.195613931524639e-03
1489,11,  2.197613449927760e-03
1490,11,  2.199612152520879e-03
1491,11,  2.201611583854268e-03
1492,11,  2.203610959912484e-03
1493,11,  2.205611313259971e-03
1494,11,  2.207611659291267e-03
1495,11,  2.209609528781301e-03
1496,11,  2.211608962057663e-03
1497,11,  2.213610001876071e-03
1498,11,  2.215607863109976e-03
1499,11,  2.217607384625986e-03
1500,11,  2.219606905296392e-03
1501,11,  2.221606371176456e-03
1502,11,  2.223607504134361e-03
1503,11,  2.225605270518397e-03
1504,11,  2.227604758269173e-03
1553,11,  9.526952521554867e-03
1554,11,  9.526952283381011e-03
1555,11,  9.526959428596828e-03
1556,11,  9.526952521554865e-03
1557,11,  9.526952521554879e-03
1558,11,  9.526952521554879e-03
1559,11,  9.526952283380999e-03
1560,11,  9.526959428596830e-03
1561,11,  9.526952521554879e-03
1562,11,  9.526952521554867e-03
1563,11,  9.526959666770682e-03
1564,11,  9.526955855988919e-03
1565,11,  9.526952283381013e-03
1566,11,  9.526952521554867e-03
1567,11,  9.526952521554874e-03
1568,11,  9.526956094162783e-03
1569,11,  9.526955855988915e-03
1570,11,  9.526954188771898e-03
1571,11,  9.526954426945761e-03
1572,11,  9.526954141137123e-03
1573,11,  9.526954974745639e-03
1574,11,  9.526954212589284e-03
1575,11,  9.526954212589284e-03
1576,11,  9.526954212589284e-03
1577,11,  5.125770684879944e-02
1578,11,  5.125770556736482e-02
1579,11,  5.125774401066170e-02
1580,11,  5.125770684882593e-02
1581,11,  5.125770684883514e-02
1582,11,  5.125770684884431e-02
1583,11,  5.125770556741045e-02
1584,11,  5.125774401070751e-02
1585,11,  5.125770684887187e-02
1586,11,  5.125770684888101e-02
1587,11,  5.125774529217804e-02
1588,11,  5.125772478910047e-02
1589,11,  5.125770556746582e-02
1590,11,  5.125770684891796e-02
1591,11,  5.125770684892728e-02
1592,11,  5.125772607058045e-02
1593,11,  5.125772478914679e-02
1594,11,  5.125771581905565e-02
1595,11,  5.125771710050789e-02
1596,11,  5.125771556278569e-02
1597,11,  5.125772004784529e-02
1598,11,  5.125771594723728e-02
1599,11,  5.125771594724660e-02
1600,11,  5.125771594725510e-02
1601,11,  5.125770726861432e-02
1602,11,  5.125770598462254e-02
1603,11,  5.125774442526726e-02
1604,11,  5.125770726077544e-02
1605,11,  5.125770725812553e-02
1606,11,  5.125770725547207e-02
1607,11,  5.125770597137216e-02
1608,11,  5.125774441200000e-02
1609,11,  5.125770724749117e-02
1610,11,  5.125770724482391e-02
1611,11,  5.125774568544129e-02
1612,11,  5.125772517968019e-02
1613,11,  5.125770595535847e-02
1614,11,  5.125770723412029e-02
1615,11,  5.125770723143575e-02
1616,11,  5.125772645039164e-02
1617,11,  5.125772516625704e-02
1618,11,  5.125771619346134e-02
1619,11,  5.125771747220562e-02
1620,11,  5.125771593177185e-02
1621,11,  5.125772041411647e-02
1622,11,  5.125771631078985e-02
1623,11,  5.125771630807669e-02
1624,11,  5.125771630545410e-02
1773,11,  1.185417598921183e-02
1776,11,  1.185416923233521e-02
1777,11,  1.185170223789302e-02
1780,11,  1.185169548242645e-02
1829,11,  2.370833419716943e-02
1830,11,  2.370833360446096e-02
1831,11,  2.370835138571516e-02
1832,11,  2.370833419716942e-02
1833,11,  2.370833419716945e-02
1834,11,  2.370833419716945e-02
1835,11,  2.370833360446092e-02
1836,11,  2.370835138571515e-02
1837,11,  2.370833419716945e-02
1838,11,  2.370833419716941e-02
1839,11,  2.370835197842361e-02
1840,11,  2.370834249508805e-02
1841,11,  2.370833360446094e-02
1842,11,  2.370833419716941e-02
1843,11,  2.370833419716943e-02
1844,11,  2.370834308779653e-02
1845,11,  2.370834249508804e-02
1846,11,  2.370833834612874e-02
1847,11,  2.370833893883721e-02
1848,11,  2.370833822758703e-02
1849,11,  2.370834030206670e-02
1850,11,  2.370833840539958e-02
1851,11,  2.370833840539958e-02
1852,11,  2.370833840539958e-02
1901,11,  2.370339090559444e-02
1902,11,  2.370339090559444e-02
1903,11,  2.370339090559444e-02
1904,11,  2.370339280186575e-02
1905,11,  2.370339072781900e-02
1906,11,  2.370339143892075e-02
1907,11,  2.370339084633596e-02
1908,11,  2.370339499442944e-02
1909,11,  2.370339558701424e-02
1910,11,  2.370338669824246e-02
1911,11,  2.370338669824245e-02
1912,11,  2.370338610565767e-02
1913,11,  2.370339499442944e-02
1914,11,  2.370340447578601e-02
1915,11,  2.370338669824245e-02
1916,11,  2.370338669824248e-02
1917,11,  2.370340388320125e-02
1918,11,  2.370338610565765e-02
1919,11,  2.370338669824248e-02
1920,11,  2.370338669824248e-02
1921,11,  2.370338669824244e-02
1922,11,  2.370340388320124e-02
1923,11,  2.370338610565767e-02
1924,11,  2.370338669824246e-02
1925,11,  2.370338890438796e-02
1926,11,  2.370338921657961e-02
1927,11,  2.370339034047050e-02
1928,11,  2.370338893342323e-02
1929,11,  2.370340244435521e-02
1930,11,  2.370340385140328e-02
1931,11,  2.370340272751176e-02
1932,11,  2.370340241531993e-02
1941,11,  4.740676927555577e-02
1942,11,  4.740676809038630e-02
1943,11,  4.740680364547034e-02
1944,11,  4.740676927555573e-02
1945,11,  4.740676927555580e-02
1946,11,  4.740676927555580e-02
1947,11,  4.740676809038623e-02
1948,11,  4.740680364547035e-02
1949,11,  4.740676927555580e-02
1950,11,  4.740676927555573e-02
1951,11,  4.740680483063978e-02
1952,11,  4.740678586792831e-02
1953,11,  4.740676809038628e-02
1954,11,  4.740676927555573e-02
1955,11,  4.740676927555577e-02
1956,11,  4.740678705309779e-02
1957,11,  4.740678586792829e-02
1958,11,  4.740677757174205e-02
1959,11,  4.740677875691152e-02
1960,11,  4.740677733470813e-02
1961,11,  4.740678148280129e-02
1962,11,  4.740677769025899e-02
1963,11,  4.740677769025899e-02
1964,11,  4.740677769025899e-02
1965,11,  4.740676989993897e-02
1966,11,  4.740676871476948e-02
1967,11,  4.740680426985400e-02
1968,11,  4.740676989993893e-02
1969,11,  4.740676989993899e-02
1970,11,  4.740676989993899e-02
1971,11,  4.740676871476941e-02
1972,11,  4.740680426985399e-02
1973,11,  4.740676989993899e-02
1974,11,  4.740676989993893e-02
1975,11,  4.740680545502345e-02
1976,11,  4.740678649231173e-02
1977,11,  4.740676871476945e-02
1978,11,  4.740676989993893e-02
1979,11,  4.740676989993896e-02
1980,11,  4.740678767748122e-02
1981,11,  4.740678649231170e-02
1982,11,  4.740677819612535e-02
1983,11,  4.740677938129483e-02
1984,11,  4.740677795909144e-02
1985,11,  4.740678210718464e-02
1986,11,  4.740677831464229e-02
1987,11,  4.740677831464228e-02
1988,11,  4.740677831464228e-02
1989,11,  4.740677214772033e-02
1990,11,  4.740677096255080e-02
1991,11,  4.740680651763700e-02
1992,11,  4.740677214772030e-02
1993,11,  4.740677214772037e-02
1994,11,  4.740677214772037e-02
1995,11,  4.740677096255073e-02
1996,11,  4.740680651763699e-02
1997,11,  4.740677214772036e-02
1998,11,  4.740677214772030e-02
1999,11,  4.740680770280650e-02
2000,11,  4.740678874009388e-02
2001,11,  4.740677096255078e-02
2002,11,  4.740677214772029e-02
2003,11,  4.740677214772033e-02
2004,11,  4.740678992526343e-02
2005,11,  4.740678874009387e-02
2006,11,  4.740678044390711e-02
2007,11,  4.740678162907665e-02
2008,11,  4.740678020687318e-02
2009,11,  4.740678435496659e-02
2010,11,  4.740678056242406e-02
2011,11,  4.740678056242406e-02
2012,11,  4.740678056242406e-02
2013,11,  4.740676933362629e-02
2014,11,  4.740676814845682e-02
2015,11,  4.740680370354092e-02
2016,11,  4.740676933362626e-02
2017,11,  4.740676933362632e-02
2018,11,  4.740676933362632e-02
2019,11,  4.740676814845675e-02
2020,11,  4.740680370354091e-02
2021,11,  4.740676933362632e-02
2022,11,  4.740676933362626e-02
2023,11,  4.740680488871036e-02
2024,11,  4.740678592599885e-02
2025,11,  4.740676814845680e-02
2026,11,  4.740676933362627e-02
2027,11,  4.740676933362629e-02
2028,11,  4.740678711116834e-02
2029,11,  4.740678592599883e-02
2030,11,  4.740677762981257e-02
2031,11,  4.740677881498205e-02
2032,11,  4.740677739277866e-02
2033,11,  4.740678154087183e-02
2034,11,  4.740677774832952e-02
2035,11,  4.740677774832952e-02
2036,11,  4.740677774832952e-02
