** Assembled nodal loads
*CLOAD, REAL
13,11,  1.062500083749998e-04
16,11,  1.062500689375057e-04
19,11,  1.062500083749998e-04
20,11,  1.062500689375056e-04
185,11,  2.125000162187495e-04
186,11,  2.125000162187495e-04
187,11,  2.125000162187495e-04
188,11,  2.125000332187512e-04
189,11,  2.125000146249993e-04
190,11,  2.125000210000000e-04
191,11,  2.125000156874995e-04
192,11,  2.125000528750030e-04
193,11,  2.125000581875037e-04
194,11,  2.124999784999959e-04
195,11,  2.124999784999957e-04
196,11,  2.124999731874954e-04
197,11,  2.125000528750032e-04
198,11,  2.125001378750113e-04
199,11,  2.124999784999956e-04
200,11,  2.124999784999960e-04
201,11,  2.125001325625110e-04
202,11,  2.124999731874950e-04
203,11,  2.124999784999960e-04
204,11,  2.124999784999960e-04
205,11,  2.124999784999957e-04
206,11,  2.125001325625111e-04
207,11,  2.124999731874954e-04
208,11,  2.124999784999957e-04
265,11,  2.125000162187495e-04
266,11,  2.125000162187495e-04
267,11,  2.125000162187495e-04
268,11,  2.125000332187512e-04
269,11,  2.125000146249993e-04
270,11,  2.125000210000000e-04
271,11,  2.125000156874995e-04
272,11,  2.125000528750030e-04
273,11,  2.125000581875037e-04
274,11,  2.124999784999958e-04
275,11,  2.124999784999957e-04
276,11,  2.124999731874953e-04
277,11,  2.125000528750031e-04
278,11,  2.125001378750113e-04
279,11,  2.124999784999957e-04
280,11,  2.124999784999960e-04
281,11,  2.125001325625110e-04
282,11,  2.124999731874950e-04
283,11,  2.124999784999960e-04
284,11,  2.124999784999960e-04
285,11,  2.124999784999956e-04
286,11,  2.125001325625108e-04
287,11,  2.124999731874952e-04
288,11,  2.124999784999956e-04
