** Assembled nodal loads
*CLOAD, REAL
4,11,  2.499999652777826e+05
8,11,  4.999999305555652e+05
12,11,  4.999999305555652e+05
16,11,  4.999999305555652e+05
20,11,  4.999999305555652e+05
24,11,  2.499999652777826e+05
28,11,  4.999999305555652e+05
32,11,  9.999998611111303e+05
36,11,  9.999998611111303e+05
40,11,  9.999998611111303e+05
44,11,  9.999998611111303e+05
48,11,  4.999999305555652e+05
52,11,  2.499999652777826e+05
56,11,  4.999999305555652e+05
60,11,  4.999999305555652e+05
64,11,  4.999999305555652e+05
68,11,  4.999999305555652e+05
72,11,  2.499999652777826e+05
76,11,  4.999999305555652e+04
80,11,  9.999998611111303e+04
84,11,  9.999998611111303e+04
88,11,  9.999998611111303e+04
92,11,  9.999998611111303e+04
96,11,  4.999999305555652e+04
100,11,  4.999999305555652e+04
104,11,  9.999998611111303e+04
108,11,  9.999998611111303e+04
112,11,  9.999998611111303e+04
116,11,  9.999998611111303e+04
120,11,  4.999999305555652e+04
124,11,  1.249995238113379e+05
128,11,  2.499990476226758e+05
132,11,  2.499990476226758e+05
136,11,  2.499990476226758e+05
140,11,  2.499990476226758e+05
144,11,  1.249995238113379e+05
148,11,  1.249995238113379e+05
152,11,  2.499990476226758e+05
156,11,  2.499990476226758e+05
160,11,  2.499990476226758e+05
164,11,  2.499990476226758e+05
168,11,  1.249995238113379e+05
