** Assembled operator Stiffness - 168 by 168, entries 2400, unsymmetric
1,11, 1,11,  1.253333333333333e+04
1,11, 2,11, -1.276756478318930e-13
1,11, 5,11, -1.129096816043784e-13
1,11, 6,11, -8.333333333333332e+00
1,11, 25,11, -1.231098556431220e-13
1,11, 26,11, -8.333333333333337e+00
1,11, 29,11, -8.333333333333332e+00
1,11, 30,11, -8.333333333333213e+00
2,11, 1,11, -1.276756478318930e-13
2,11, 2,11,  6.666666666666717e+01
2,11, 3,11, -1.241229341530925e-13
2,11, 5,11, -8.333333333333337e+00
2,11, 6,11, -2.393640841091838e-13
2,11, 7,11, -8.333333333333336e+00
2,11, 25,11, -8.333333333333337e+00
2,11, 26,11, -2.398220511068416e-13
2,11, 27,11, -8.333333333333336e+00
2,11, 29,11, -8.333333333333211e+00
2,11, 30,11, -1.666666666666666e+01
2,11, 31,11, -8.333333333333213e+00
3,11, 2,11, -1.241229341530925e-13
3,11, 3,11,  6.666666666666717e+01
3,11, 4,11, -1.252331571777177e-13
3,11, 6,11, -8.333333333333334e+00
3,11, 7,11, -2.378652830259398e-13
3,11, 8,11, -8.333333333333334e+00
3,11, 26,11, -8.333333333333337e+00
3,11, 27,11, -2.409739074948902e-13
3,11, 28,11, -8.333333333333337e+00
3,11, 30,11, -8.333333333333211e+00
3,11, 31,11, -1.666666666666666e+01
3,11, 32,11, -8.333333333333211e+00
4,11, 3,11, -1.258992909924928e-13
4,11, 4,11,  5.003333333333334e+04
4,11, 7,11, -8.333333333333334e+00
4,11, 8,11, -1.234568003383174e-13
4,11, 27,11, -8.333333333333339e+00
4,11, 28,11, -1.183497744250417e-13
4,11, 31,11, -8.333333333333211e+00
4,11, 32,11, -8.333333333333330e+00
5,11, 1,11, -1.135758154191535e-13
5,11, 2,11, -8.333333333333336e+00
5,11, 5,11,  2.506666666666667e+04
5,11, 6,11, -2.473576898864849e-13
5,11, 9,11, -1.206257316255233e-13
5,11, 10,11, -8.333333333333334e+00
5,11, 25,11, -8.333333333333332e+00
5,11, 26,11, -8.333333333333215e+00
5,11, 29,11, -2.388783615359102e-13
5,11, 30,11, -1.666666666666667e+01
5,11, 33,11, -8.333333333333339e+00
5,11, 34,11, -8.333333333333215e+00
6,11, 1,11, -8.333333333333334e+00
6,11, 2,11, -2.404743071338089e-13
6,11, 3,11, -8.333333333333336e+00
6,11, 5,11, -2.464695114667848e-13
6,11, 6,11,  1.333333333333343e+02
6,11, 7,11, -2.442490654175344e-13
6,11, 9,11, -8.333333333333337e+00
6,11, 10,11, -2.368105711525459e-13
6,11, 11,11, -8.333333333333334e+00
6,11, 25,11, -8.333333333333211e+00
6,11, 26,11, -1.666666666666667e+01
6,11, 27,11, -8.333333333333213e+00
6,11, 29,11, -1.666666666666667e+01
6,11, 30,11, -4.845290835220339e-13
6,11, 31,11, -1.666666666666667e+01
6,11, 33,11, -8.333333333333213e+00
6,11, 34,11, -1.666666666666668e+01
6,11, 35,11, -8.333333333333215e+00
7,11, 2,11, -8.333333333333337e+00
7,11, 3,11, -2.376432384210148e-13
7,11, 4,11, -8.333333333333336e+00
7,11, 6,11, -2.433608869978343e-13
7,11, 7,11,  1.333333333333343e+02
7,11, 8,11, -2.460254222569347e-13
7,11, 10,11, -8.333333333333336e+00
7,11, 11,11, -2.393640841091838e-13
7,11, 12,11, -8.333333333333334e+00
7,11, 26,11, -8.333333333333211e+00
7,11, 27,11, -1.666666666666667e+01
7,11, 28,11, -8.333333333333213e+00
7,11, 30,11, -1.666666666666667e+01
7,11, 31,11, -4.836964162535651e-13
7,11, 32,11, -1.666666666666667e+01
7,11, 34,11, -8.333333333333213e+00
7,11, 35,11, -1.666666666666668e+01
7,11, 36,11, -8.333333333333215e+00
8,11, 3,11, -8.333333333333336e+00
8,11, 4,11, -1.225686219186173e-13
8,11, 7,11, -2.449151992323095e-13
8,11, 8,11,  1.000666666666667e+05
8,11, 11,11, -8.333333333333336e+00
8,11, 12,11, -1.172395514004165e-13
8,11, 27,11, -8.333333333333213e+00
8,11, 28,11, -8.333333333333334e+00
8,11, 31,11, -1.666666666666667e+01
8,11, 32,11, -2.431388423929093e-13
8,11, 35,11, -8.333333333333215e+00
8,11, 36,11, -8.333333333333337e+00
9,11, 5,11, -1.197375532058231e-13
9,11, 6,11, -8.333333333333337e+00
9,11, 9,11,  2.506666666666667e+04
9,11, 10,11, -2.475797344914099e-13
9,11, 13,11, -1.193489751472043e-13
9,11, 14,11, -8.333333333333336e+00
9,11, 29,11, -8.333333333333332e+00
9,11, 30,11, -8.333333333333211e+00
9,11, 33,11, -2.351452366156082e-13
9,11, 34,11, -1.666666666666667e+01
9,11, 37,11, -8.333333333333339e+00
9,11, 38,11, -8.333333333333213e+00
10,11, 5,11, -8.333333333333334e+00
10,11, 6,11, -2.364219930939271e-13
10,11, 7,11, -8.333333333333334e+00
10,11, 9,11, -2.475797344914099e-13
10,11, 10,11,  1.333333333333343e+02
10,11, 11,11, -2.464695114667848e-13
10,11, 13,11, -8.333333333333337e+00
10,11, 14,11, -2.421396416707466e-13
10,11, 15,11, -8.333333333333334e+00
10,11, 29,11, -8.333333333333210e+00
10,11, 30,11, -1.666666666666666e+01
10,11, 31,11, -8.333333333333210e+00
10,11, 33,11, -1.666666666666667e+01
10,11, 34,11, -4.790889907013707e-13
10,11, 35,11, -1.666666666666667e+01
10,11, 37,11, -8.333333333333213e+00
10,11, 38,11, -1.666666666666668e+01
10,11, 39,11, -8.333333333333213e+00
11,11, 6,11, -8.333333333333337e+00
11,11, 7,11, -2.384759056894836e-13
11,11, 8,11, -8.333333333333336e+00
11,11, 10,11, -2.455813330470846e-13
11,11, 11,11,  1.333333333333343e+02
11,11, 12,11, -2.478017790963349e-13
11,11, 14,11, -8.333333333333334e+00
11,11, 15,11, -2.416400413096653e-13
11,11, 16,11, -8.333333333333336e+00
11,11, 30,11, -8.333333333333211e+00
11,11, 31,11, -1.666666666666666e+01
11,11, 32,11, -8.333333333333210e+00
11,11, 34,11, -1.666666666666667e+01
11,11, 35,11, -4.799494135454552e-13
11,11, 36,11, -1.666666666666667e+01
11,11, 38,11, -8.333333333333211e+00
11,11, 39,11, -1.666666666666668e+01
11,11, 40,11, -8.333333333333213e+00
12,11, 7,11, -8.333333333333336e+00
12,11, 8,11, -1.163513729807164e-13
12,11, 11,11, -2.449151992323095e-13
12,11, 12,11,  1.000666666666667e+05
12,11, 15,11, -8.333333333333336e+00
12,11, 16,11, -1.207922650792170e-13
12,11, 31,11, -8.333333333333210e+00
12,11, 32,11, -8.333333333333329e+00
12,11, 35,11, -1.666666666666667e+01
12,11, 36,11, -2.455813330470846e-13
12,11, 39,11, -8.333333333333213e+00
12,11, 40,11, -8.333333333333339e+00
13,11, 9,11, -1.211253319866046e-13
13,11, 10,11, -8.333333333333337e+00
13,11, 13,11,  2.506666666666667e+04
13,11, 14,11, -2.509104035652854e-13
13,11, 17,11, -1.197375532058231e-13
13,11, 18,11, -8.333333333333334e+00
13,11, 33,11, -8.333333333333330e+00
13,11, 34,11, -8.333333333333210e+00
13,11, 37,11, -2.373518048770507e-13
13,11, 38,11, -1.666666666666667e+01
13,11, 41,11, -8.333333333333334e+00
13,11, 42,11, -8.333333333333210e+00
14,11, 9,11, -8.333333333333336e+00
14,11, 10,11, -2.423616862756717e-13
14,11, 11,11, -8.333333333333334e+00
14,11, 13,11, -2.500222251455853e-13
14,11, 14,11,  1.333333333333343e+02
14,11, 15,11, -2.480238237012600e-13
14,11, 17,11, -8.333333333333337e+00
14,11, 18,11, -2.368105711525459e-13
14,11, 19,11, -8.333333333333336e+00
14,11, 33,11, -8.333333333333208e+00
14,11, 34,11, -1.666666666666666e+01
14,11, 35,11, -8.333333333333210e+00
14,11, 37,11, -1.666666666666667e+01
14,11, 38,11, -4.805739139968068e-13
14,11, 39,11, -1.666666666666667e+01
14,11, 41,11, -8.333333333333210e+00
14,11, 42,11, -1.666666666666667e+01
14,11, 43,11, -8.333333333333210e+00
15,11, 10,11, -8.333333333333336e+00
15,11, 11,11, -2.416400413096653e-13
15,11, 12,11, -8.333333333333336e+00
15,11, 14,11, -2.471356452815598e-13
15,11, 15,11,  1.333333333333343e+02
15,11, 16,11, -2.478017790963349e-13
15,11, 18,11, -8.333333333333334e+00
15,11, 19,11, -2.376987495722460e-13
15,11, 20,11, -8.333333333333336e+00
15,11, 34,11, -8.333333333333210e+00
15,11, 35,11, -1.666666666666666e+01
15,11, 36,11, -8.333333333333210e+00
15,11, 38,11, -1.666666666666667e+01
15,11, 39,11, -4.814759702043148e-13
15,11, 40,11, -1.666666666666667e+01
15,11, 42,11, -8.333333333333211e+00
15,11, 43,11, -1.666666666666667e+01
15,11, 44,11, -8.333333333333210e+00
16,11, 11,11, -8.333333333333336e+00
16,11, 12,11, -1.216804434989172e-13
16,11, 15,11, -2.464695114667848e-13
16,11, 16,11,  1.000666666666667e+05
16,11, 19,11, -8.333333333333336e+00
16,11, 20,11, -1.172395514004165e-13
16,11, 35,11, -8.333333333333210e+00
16,11, 36,11, -8.333333333333329e+00
16,11, 39,11, -1.666666666666667e+01
16,11, 40,11, -2.429167977879843e-13
16,11, 43,11, -8.333333333333210e+00
16,11, 44,11, -8.333333333333336e+00
17,11, 13,11, -1.197375532058231e-13
17,11, 14,11, -8.333333333333337e+00
17,11, 17,11,  2.506666666666667e+04
17,11, 18,11, -2.478017790963349e-13
17,11, 21,11, -1.211253319866046e-13
17,11, 22,11, -8.333333333333334e+00
17,11, 37,11, -8.333333333333336e+00
17,11, 38,11, -8.333333333333210e+00
17,11, 41,11, -2.373656826648585e-13
17,11, 42,11, -1.666666666666667e+01
17,11, 45,11, -8.333333333333336e+00
17,11, 46,11, -8.333333333333210e+00
18,11, 13,11, -8.333333333333334e+00
18,11, 14,11, -2.373101715136272e-13
18,11, 15,11, -8.333333333333334e+00
18,11, 17,11, -2.464695114667848e-13
18,11, 18,11,  1.333333333333343e+02
18,11, 19,11, -2.466915560717098e-13
18,11, 21,11, -8.333333333333337e+00
18,11, 22,11, -2.430278200904468e-13
18,11, 23,11, -8.333333333333334e+00
18,11, 37,11, -8.333333333333211e+00
18,11, 38,11, -1.666666666666667e+01
18,11, 39,11, -8.333333333333210e+00
18,11, 41,11, -1.666666666666667e+01
18,11, 42,11, -4.817535259604711e-13
18,11, 43,11, -1.666666666666667e+01
18,11, 45,11, -8.333333333333211e+00
18,11, 46,11, -1.666666666666667e+01
18,11, 47,11, -8.333333333333210e+00
19,11, 14,11, -8.333333333333336e+00
19,11, 15,11, -2.385869279919461e-13
19,11, 16,11, -8.333333333333336e+00
19,11, 18,11, -2.455813330470846e-13
19,11, 19,11,  1.333333333333343e+02
19,11, 20,11, -2.444711100224595e-13
19,11, 22,11, -8.333333333333334e+00
19,11, 23,11, -2.426392420318280e-13
19,11, 24,11, -8.333333333333336e+00
19,11, 38,11, -8.333333333333211e+00
19,11, 39,11, -1.666666666666667e+01
19,11, 40,11, -8.333333333333211e+00
19,11, 42,11, -1.666666666666667e+01
19,11, 43,11, -4.790612351257550e-13
19,11, 44,11, -1.666666666666667e+01
19,11, 46,11, -8.333333333333211e+00
19,11, 47,11, -1.666666666666667e+01
19,11, 48,11, -8.333333333333210e+00
20,11, 15,11, -8.333333333333336e+00
20,11, 16,11, -1.163513729807164e-13
20,11, 19,11, -2.438049762076844e-13
20,11, 20,11,  1.000666666666667e+05
20,11, 23,11, -8.333333333333336e+00
20,11, 24,11, -1.199040866595169e-13
20,11, 39,11, -8.333333333333210e+00
20,11, 40,11, -8.333333333333334e+00
20,11, 43,11, -1.666666666666667e+01
20,11, 44,11, -2.424727085781342e-13
20,11, 47,11, -8.333333333333210e+00
20,11, 48,11, -8.333333333333336e+00
21,11, 17,11, -1.211253319866046e-13
21,11, 18,11, -8.333333333333337e+00
21,11, 21,11,  1.253333333333333e+04
21,11, 22,11, -1.221245327087672e-13
21,11, 41,11, -8.333333333333336e+00
21,11, 42,11, -8.333333333333210e+00
21,11, 45,11, -1.192934639959731e-13
21,11, 46,11, -8.333333333333334e+00
22,11, 17,11, -8.333333333333336e+00
22,11, 18,11, -2.423616862756717e-13
22,11, 19,11, -8.333333333333334e+00
22,11, 21,11, -1.212363542890671e-13
22,11, 22,11,  6.666666666666714e+01
22,11, 23,11, -1.214583988939921e-13
22,11, 41,11, -8.333333333333210e+00
22,11, 42,11, -1.666666666666667e+01
22,11, 43,11, -8.333333333333210e+00
22,11, 45,11, -8.333333333333332e+00
22,11, 46,11, -2.420563749438998e-13
22,11, 47,11, -8.333333333333334e+00
23,11, 18,11, -8.333333333333336e+00
23,11, 19,11, -2.435274204515281e-13
23,11, 20,11, -8.333333333333336e+00
23,11, 22,11, -1.210143096841421e-13
23,11, 23,11,  6.666666666666715e+01
23,11, 24,11, -1.196820420545919e-13
23,11, 42,11, -8.333333333333211e+00
23,11, 43,11, -1.666666666666667e+01
23,11, 44,11, -8.333333333333210e+00
23,11, 46,11, -8.333333333333330e+00
23,11, 47,11, -2.395722509263010e-13
23,11, 48,11, -8.333333333333332e+00
24,11, 19,11, -8.333333333333336e+00
24,11, 20,11, -1.207922650792170e-13
24,11, 23,11, -1.194599974496668e-13
24,11, 24,11,  5.003333333333334e+04
24,11, 43,11, -8.333333333333210e+00
24,11, 44,11, -8.333333333333336e+00
24,11, 47,11, -8.333333333333334e+00
24,11, 48,11, -1.201261312644419e-13
25,11, 1,11, -1.233596558236627e-13
25,11, 2,11, -8.333333333333337e+00
25,11, 5,11, -8.333333333333332e+00
25,11, 6,11, -8.333333333333211e+00
25,11, 25,11,  2.506666666666667e+04
25,11, 26,11, -2.483985239720710e-13
25,11, 29,11, -2.295594270229628e-13
25,11, 30,11, -1.666666666666667e+01
25,11, 49,11, -1.275368699538149e-13
25,11, 50,11, -8.333333333333337e+00
25,11, 53,11, -8.333333333333332e+00
25,11, 54,11, -8.333333333333211e+00
26,11, 1,11, -8.333333333333337e+00
26,11, 2,11, -2.400579734995745e-13
26,11, 3,11, -8.333333333333337e+00
26,11, 5,11, -8.333333333333213e+00
26,11, 6,11, -1.666666666666667e+01
26,11, 7,11, -8.333333333333211e+00
26,11, 25,11, -2.497169138138133e-13
26,11, 26,11,  1.333333333333343e+02
26,11, 27,11, -2.450817326860033e-13
26,11, 29,11, -1.666666666666667e+01
26,11, 30,11, -4.756542382189366e-13
26,11, 31,11, -1.666666666666667e+01
26,11, 49,11, -8.333333333333336e+00
26,11, 50,11, -2.453592884421596e-13
26,11, 51,11, -8.333333333333336e+00
26,11, 53,11, -8.333333333333211e+00
26,11, 54,11, -1.666666666666666e+01
26,11, 55,11, -8.333333333333211e+00
27,11, 2,11, -8.333333333333336e+00
27,11, 3,11, -2.420980083073232e-13
27,11, 4,11, -8.333333333333339e+00
27,11, 6,11, -8.333333333333213e+00
27,11, 7,11, -1.666666666666667e+01
27,11, 8,11, -8.333333333333213e+00
27,11, 26,11, -2.464278781033613e-13
27,11, 27,11,  1.333333333333343e+02
27,11, 28,11, -2.485373018501491e-13
27,11, 30,11, -1.666666666666667e+01
27,11, 31,11, -4.699747535585885e-13
27,11, 32,11, -1.666666666666667e+01
27,11, 50,11, -8.333333333333336e+00
27,11, 51,11, -2.467331894351332e-13
27,11, 52,11, -8.333333333333337e+00
27,11, 54,11, -8.333333333333210e+00
27,11, 55,11, -1.666666666666666e+01
27,11, 56,11, -8.333333333333211e+00
28,11, 3,11, -8.333333333333337e+00
28,11, 4,11, -1.187938636348917e-13
28,11, 7,11, -8.333333333333211e+00
28,11, 8,11, -8.333333333333336e+00
28,11, 27,11, -2.472050342205989e-13
28,11, 28,11,  1.000666666666667e+05
28,11, 31,11, -1.666666666666667e+01
28,11, 32,11, -2.413069744022778e-13
28,11, 51,11, -8.333333333333337e+00
28,11, 52,11, -1.194599974496668e-13
28,11, 55,11, -8.333333333333211e+00
28,11, 56,11, -8.333333333333330e+00
29,11, 1,11, -8.333333333333332e+00
29,11, 2,11, -8.333333333333211e+00
29,11, 5,11, -2.379763053284023e-13
29,11, 6,11, -1.666666666666667e+01
29,11, 9,11, -8.333333333333332e+00
29,11, 10,11, -8.333333333333210e+00
29,11, 25,11, -2.284353262105299e-13
29,11, 26,11, -1.666666666666667e+01
29,11, 29,11,  5.013333333333334e+04
29,11, 30,11, -4.907602102477426e-13
29,11, 33,11, -2.475034066584669e-13
29,11, 34,11, -1.666666666666667e+01
29,11, 49,11, -8.333333333333332e+00
29,11, 50,11, -8.333333333333215e+00
29,11, 53,11, -2.441935542663032e-13
29,11, 54,11, -1.666666666666667e+01
29,11, 57,11, -8.333333333333337e+00
29,11, 58,11, -8.333333333333215e+00
30,11, 1,11, -8.333333333333213e+00
30,11, 2,11, -1.666666666666666e+01
30,11, 3,11, -8.333333333333211e+00
30,11, 5,11, -1.666666666666667e+01
30,11, 6,11, -4.825168042899008e-13
30,11, 7,11, -1.666666666666667e+01
30,11, 9,11, -8.333333333333211e+00
30,11, 10,11, -1.666666666666666e+01
30,11, 11,11, -8.333333333333211e+00
30,11, 25,11, -1.666666666666667e+01
30,11, 26,11, -4.749881044041615e-13
30,11, 27,11, -1.666666666666667e+01
30,11, 29,11, -4.907602102477426e-13
30,11, 30,11,  2.666666666666687e+02
30,11, 31,11, -4.873601522348281e-13
30,11, 33,11, -1.666666666666667e+01
30,11, 34,11, -4.822496568746004e-13
30,11, 35,11, -1.666666666666667e+01
30,11, 49,11, -8.333333333333211e+00
30,11, 50,11, -1.666666666666667e+01
30,11, 51,11, -8.333333333333213e+00
30,11, 53,11, -1.666666666666667e+01
30,11, 54,11, -4.913985884869021e-13
30,11, 55,11, -1.666666666666667e+01
30,11, 57,11, -8.333333333333213e+00
30,11, 58,11, -1.666666666666668e+01
30,11, 59,11, -8.333333333333215e+00
31,11, 2,11, -8.333333333333213e+00
31,11, 3,11, -1.666666666666666e+01
31,11, 4,11, -8.333333333333211e+00
31,11, 6,11, -1.666666666666667e+01
31,11, 7,11, -4.832523270437150e-13
31,11, 8,11, -1.666666666666667e+01
31,11, 10,11, -8.333333333333210e+00
31,11, 11,11, -1.666666666666666e+01
31,11, 12,11, -8.333333333333210e+00
31,11, 26,11, -1.666666666666667e+01
31,11, 27,11, -4.702419009738890e-13
31,11, 28,11, -1.666666666666667e+01
31,11, 30,11, -4.882344528667204e-13
31,11, 31,11,  2.666666666666687e+02
31,11, 32,11, -4.940770015338103e-13
31,11, 34,11, -1.666666666666667e+01
31,11, 35,11, -4.834917188833998e-13
31,11, 36,11, -1.666666666666667e+01
31,11, 50,11, -8.333333333333211e+00
31,11, 51,11, -1.666666666666667e+01
31,11, 52,11, -8.333333333333211e+00
31,11, 54,11, -1.666666666666667e+01
31,11, 55,11, -4.890116089839580e-13
31,11, 56,11, -1.666666666666667e+01
31,11, 58,11, -8.333333333333213e+00
31,11, 59,11, -1.666666666666667e+01
31,11, 60,11, -8.333333333333213e+00
32,11, 3,11, -8.333333333333211e+00
32,11, 4,11, -8.333333333333332e+00
32,11, 7,11, -1.666666666666667e+01
32,11, 8,11, -2.435829316027593e-13
32,11, 11,11, -8.333333333333210e+00
32,11, 12,11, -8.333333333333330e+00
32,11, 27,11, -1.666666666666667e+01
32,11, 28,11, -2.413069744022778e-13
32,11, 31,11, -4.918426776967522e-13
32,11, 32,11,  2.001333333333333e+05
32,11, 35,11, -1.666666666666667e+01
32,11, 36,11, -2.330358128688204e-13
32,11, 51,11, -8.333333333333211e+00
32,11, 52,11, -8.333333333333336e+00
32,11, 55,11, -1.666666666666667e+01
32,11, 56,11, -2.442490654175344e-13
32,11, 59,11, -8.333333333333213e+00
32,11, 60,11, -8.333333333333337e+00
33,11, 5,11, -8.333333333333339e+00
33,11, 6,11, -8.333333333333213e+00
33,11, 9,11, -2.340211358031752e-13
33,11, 10,11, -1.666666666666667e+01
33,11, 13,11, -8.333333333333330e+00
33,11, 14,11, -8.333333333333208e+00
33,11, 29,11, -2.486101602361401e-13
33,11, 30,11, -1.666666666666667e+01
33,11, 33,11,  5.013333333333334e+04
33,11, 34,11, -4.853617507905028e-13
33,11, 37,11, -2.420702527317076e-13
33,11, 38,11, -1.666666666666667e+01
33,11, 53,11, -8.333333333333332e+00
33,11, 54,11, -8.333333333333210e+00
33,11, 57,11, -2.377958940869007e-13
33,11, 58,11, -1.666666666666667e+01
33,11, 61,11, -8.333333333333339e+00
33,11, 62,11, -8.333333333333213e+00
34,11, 5,11, -8.333333333333215e+00
34,11, 6,11, -1.666666666666668e+01
34,11, 7,11, -8.333333333333213e+00
34,11, 9,11, -1.666666666666667e+01
34,11, 10,11, -4.793110353062957e-13
34,11, 11,11, -1.666666666666666e+01
34,11, 13,11, -8.333333333333210e+00
34,11, 14,11, -1.666666666666666e+01
34,11, 15,11, -8.333333333333210e+00
34,11, 29,11, -1.666666666666667e+01
34,11, 30,11, -4.800569664009657e-13
34,11, 31,11, -1.666666666666667e+01
34,11, 33,11, -4.842376499780698e-13
34,11, 34,11,  2.666666666666686e+02
34,11, 35,11, -4.836686606779494e-13
34,11, 37,11, -1.666666666666667e+01
34,11, 38,11, -4.842341805311179e-13
34,11, 39,11, -1.666666666666667e+01
34,11, 53,11, -8.333333333333210e+00
34,11, 54,11, -1.666666666666666e+01
34,11, 55,11, -8.333333333333210e+00
34,11, 57,11, -1.666666666666667e+01
34,11, 58,11, -4.850703172465387e-13
34,11, 59,11, -1.666666666666667e+01
34,11, 61,11, -8.333333333333211e+00
34,11, 62,11, -1.666666666666668e+01
34,11, 63,11, -8.333333333333213e+00
35,11, 6,11, -8.333333333333215e+00
35,11, 7,11, -1.666666666666668e+01
35,11, 8,11, -8.333333333333215e+00
35,11, 10,11, -1.666666666666667e+01
35,11, 11,11, -4.792832797306801e-13
35,11, 12,11, -1.666666666666667e+01
35,11, 14,11, -8.333333333333210e+00
35,11, 15,11, -1.666666666666666e+01
35,11, 16,11, -8.333333333333210e+00
35,11, 30,11, -1.666666666666667e+01
35,11, 31,11, -4.832696742784748e-13
35,11, 32,11, -1.666666666666667e+01
35,11, 34,11, -4.821282262312820e-13
35,11, 35,11,  2.666666666666686e+02
35,11, 36,11, -4.852923618514637e-13
35,11, 38,11, -1.666666666666667e+01
35,11, 39,11, -4.845533696506976e-13
35,11, 40,11, -1.666666666666667e+01
35,11, 54,11, -8.333333333333210e+00
35,11, 55,11, -1.666666666666666e+01
35,11, 56,11, -8.333333333333210e+00
35,11, 58,11, -1.666666666666667e+01
35,11, 59,11, -4.852784840636559e-13
35,11, 60,11, -1.666666666666667e+01
35,11, 62,11, -8.333333333333211e+00
35,11, 63,11, -1.666666666666668e+01
35,11, 64,11, -8.333333333333213e+00
36,11, 7,11, -8.333333333333213e+00
36,11, 8,11, -8.333333333333339e+00
36,11, 11,11, -1.666666666666667e+01
36,11, 12,11, -2.440270208126094e-13
36,11, 15,11, -8.333333333333210e+00
36,11, 16,11, -8.333333333333329e+00
36,11, 31,11, -1.666666666666667e+01
36,11, 32,11, -2.330358128688204e-13
36,11, 35,11, -4.828359934094806e-13
36,11, 36,11,  2.001333333333333e+05
36,11, 39,11, -1.666666666666667e+01
36,11, 40,11, -2.407518628899652e-13
36,11, 55,11, -8.333333333333210e+00
36,11, 56,11, -8.333333333333330e+00
36,11, 59,11, -1.666666666666667e+01
36,11, 60,11, -2.453592884421596e-13
36,11, 63,11, -8.333333333333213e+00
36,11, 64,11, -8.333333333333337e+00
37,11, 9,11, -8.333333333333339e+00
37,11, 10,11, -8.333333333333213e+00
37,11, 13,11, -2.373518048770507e-13
37,11, 14,11, -1.666666666666667e+01
37,11, 17,11, -8.333333333333336e+00
37,11, 18,11, -8.333333333333211e+00
37,11, 33,11, -2.420875999664673e-13
37,11, 34,11, -1.666666666666667e+01
37,11, 37,11,  5.013333333333334e+04
37,11, 38,11, -4.850703172465387e-13
37,11, 41,11, -2.423825029573834e-13
37,11, 42,11, -1.666666666666667e+01
37,11, 57,11, -8.333333333333332e+00
37,11, 58,11, -8.333333333333210e+00
37,11, 61,11, -2.408906407680433e-13
37,11, 62,11, -1.666666666666667e+01
37,11, 65,11, -8.333333333333334e+00
37,11, 66,11, -8.333333333333210e+00
38,11, 9,11, -8.333333333333213e+00
38,11, 10,11, -1.666666666666668e+01
38,11, 11,11, -8.333333333333211e+00
38,11, 13,11, -1.666666666666667e+01
38,11, 14,11, -4.816841370214320e-13
38,11, 15,11, -1.666666666666667e+01
38,11, 17,11, -8.333333333333210e+00
38,11, 18,11, -1.666666666666667e+01
38,11, 19,11, -8.333333333333211e+00
38,11, 33,11, -1.666666666666667e+01
38,11, 34,11, -4.860521707339416e-13
38,11, 35,11, -1.666666666666667e+01
38,11, 37,11, -4.841266276756073e-13
38,11, 38,11,  2.666666666666687e+02
38,11, 39,11, -4.851258283977700e-13
38,11, 41,11, -1.666666666666667e+01
38,11, 42,11, -4.795712438276922e-13
38,11, 43,11, -1.666666666666667e+01
38,11, 57,11, -8.333333333333210e+00
38,11, 58,11, -1.666666666666666e+01
38,11, 59,11, -8.333333333333210e+00
38,11, 61,11, -1.666666666666667e+01
38,11, 62,11, -4.874434189616750e-13
38,11, 63,11, -1.666666666666667e+01
38,11, 65,11, -8.333333333333210e+00
38,11, 66,11, -1.666666666666667e+01
38,11, 67,11, -8.333333333333210e+00
39,11, 10,11, -8.333333333333213e+00
39,11, 11,11, -1.666666666666668e+01
39,11, 12,11, -8.333333333333213e+00
39,11, 14,11, -1.666666666666667e+01
39,11, 15,11, -4.821282262312820e-13
39,11, 16,11, -1.666666666666667e+01
39,11, 18,11, -8.333333333333210e+00
39,11, 19,11, -1.666666666666667e+01
39,11, 20,11, -8.333333333333211e+00
39,11, 34,11, -1.666666666666667e+01
39,11, 35,11, -4.841682610390308e-13
39,11, 36,11, -1.666666666666667e+01
39,11, 38,11, -4.826278265923634e-13
39,11, 39,11,  2.666666666666687e+02
39,11, 40,11, -4.841543832512230e-13
39,11, 42,11, -1.666666666666667e+01
39,11, 43,11, -4.780238704871209e-13
39,11, 44,11, -1.666666666666667e+01
39,11, 58,11, -8.333333333333210e+00
39,11, 59,11, -1.666666666666666e+01
39,11, 60,11, -8.333333333333210e+00
39,11, 62,11, -1.666666666666667e+01
39,11, 63,11, -4.861250291199326e-13
39,11, 64,11, -1.666666666666667e+01
39,11, 66,11, -8.333333333333210e+00
39,11, 67,11, -1.666666666666667e+01
39,11, 68,11, -8.333333333333210e+00
40,11, 11,11, -8.333333333333213e+00
40,11, 12,11, -8.333333333333339e+00
40,11, 15,11, -1.666666666666666e+01
40,11, 16,11, -2.424727085781342e-13
40,11, 19,11, -8.333333333333211e+00
40,11, 20,11, -8.333333333333334e+00
40,11, 35,11, -1.666666666666667e+01
40,11, 36,11, -2.396416398653400e-13
40,11, 39,11, -4.837241718291807e-13
40,11, 40,11,  2.001333333333333e+05
40,11, 43,11, -1.666666666666667e+01
40,11, 44,11, -2.365885265476209e-13
40,11, 59,11, -8.333333333333210e+00
40,11, 60,11, -8.333333333333330e+00
40,11, 63,11, -1.666666666666667e+01
40,11, 64,11, -2.426947531830592e-13
40,11, 67,11, -8.333333333333210e+00
40,11, 68,11, -8.333333333333334e+00
41,11, 13,11, -8.333333333333334e+00
41,11, 14,11, -8.333333333333210e+00
41,11, 17,11, -2.382399832967508e-13
41,11, 18,11, -1.666666666666667e+01
41,11, 21,11, -8.333333333333336e+00
41,11, 22,11, -8.333333333333210e+00
41,11, 37,11, -2.412688104858063e-13
41,11, 38,11, -1.666666666666667e+01
41,11, 41,11,  5.013333333333334e+04
41,11, 42,11, -4.866385072688217e-13
41,11, 45,11, -2.429306755757921e-13
41,11, 46,11, -1.666666666666667e+01
41,11, 61,11, -8.333333333333336e+00
41,11, 62,11, -8.333333333333211e+00
41,11, 65,11, -2.409045185558512e-13
41,11, 66,11, -1.666666666666667e+01
41,11, 69,11, -8.333333333333336e+00
41,11, 70,11, -8.333333333333210e+00
42,11, 13,11, -8.333333333333210e+00
42,11, 14,11, -1.666666666666667e+01
42,11, 15,11, -8.333333333333211e+00
42,11, 17,11, -1.666666666666667e+01
42,11, 18,11, -4.824196597752461e-13
42,11, 19,11, -1.666666666666667e+01
42,11, 21,11, -8.333333333333210e+00
42,11, 22,11, -1.666666666666667e+01
42,11, 23,11, -8.333333333333211e+00
42,11, 37,11, -1.666666666666667e+01
42,11, 38,11, -4.789328655885328e-13
42,11, 39,11, -1.666666666666667e+01
42,11, 41,11, -4.854866508807731e-13
42,11, 42,11,  2.666666666666687e+02
42,11, 43,11, -4.858613511515841e-13
42,11, 45,11, -1.666666666666667e+01
42,11, 46,11, -4.864268710047526e-13
42,11, 47,11, -1.666666666666667e+01
42,11, 61,11, -8.333333333333211e+00
42,11, 62,11, -1.666666666666667e+01
42,11, 63,11, -8.333333333333210e+00
42,11, 65,11, -1.666666666666667e+01
42,11, 66,11, -4.864025848760889e-13
42,11, 67,11, -1.666666666666667e+01
42,11, 69,11, -8.333333333333211e+00
42,11, 70,11, -1.666666666666667e+01
42,11, 71,11, -8.333333333333210e+00
43,11, 14,11, -8.333333333333210e+00
43,11, 15,11, -1.666666666666667e+01
43,11, 16,11, -8.333333333333210e+00
43,11, 18,11, -1.666666666666667e+01
43,11, 19,11, -4.801714581503802e-13
43,11, 20,11, -1.666666666666667e+01
43,11, 22,11, -8.333333333333210e+00
43,11, 23,11, -1.666666666666667e+01
43,11, 24,11, -8.333333333333210e+00
43,11, 38,11, -1.666666666666667e+01
43,11, 39,11, -4.806884057462213e-13
43,11, 40,11, -1.666666666666667e+01
43,11, 42,11, -4.831413047412525e-13
43,11, 43,11,  2.666666666666686e+02
43,11, 44,11, -4.848066392781902e-13
43,11, 46,11, -1.666666666666667e+01
43,11, 47,11, -4.839705025627694e-13
43,11, 48,11, -1.666666666666667e+01
43,11, 62,11, -8.333333333333211e+00
43,11, 63,11, -1.666666666666667e+01
43,11, 64,11, -8.333333333333211e+00
43,11, 66,11, -1.666666666666667e+01
43,11, 67,11, -4.835021272242557e-13
43,11, 68,11, -1.666666666666667e+01
43,11, 70,11, -8.333333333333211e+00
43,11, 71,11, -1.666666666666667e+01
43,11, 72,11, -8.333333333333210e+00
44,11, 15,11, -8.333333333333210e+00
44,11, 16,11, -8.333333333333336e+00
44,11, 19,11, -1.666666666666667e+01
44,11, 20,11, -2.418065747633591e-13
44,11, 23,11, -8.333333333333210e+00
44,11, 24,11, -8.333333333333334e+00
44,11, 39,11, -1.666666666666667e+01
44,11, 40,11, -2.357003481279207e-13
44,11, 43,11, -4.830302824387900e-13
44,11, 44,11,  2.001333333333333e+05
44,11, 47,11, -1.666666666666667e+01
44,11, 48,11, -2.391975506554900e-13
44,11, 63,11, -8.333333333333210e+00
44,11, 64,11, -8.333333333333334e+00
44,11, 67,11, -1.666666666666667e+01
44,11, 68,11, -2.422506639732092e-13
44,11, 71,11, -8.333333333333210e+00
44,11, 72,11, -8.333333333333336e+00
45,11, 17,11, -8.333333333333336e+00
45,11, 18,11, -8.333333333333211e+00
45,11, 21,11, -1.201816424156732e-13
45,11, 22,11, -8.333333333333332e+00
45,11, 41,11, -2.427398559934346e-13
45,11, 42,11, -1.666666666666667e+01
45,11, 45,11,  2.506666666666667e+04
45,11, 46,11, -2.405853294362714e-13
45,11, 65,11, -8.333333333333336e+00
45,11, 66,11, -8.333333333333210e+00
45,11, 69,11, -1.201816424156732e-13
45,11, 70,11, -8.333333333333334e+00
46,11, 17,11, -8.333333333333210e+00
46,11, 18,11, -1.666666666666667e+01
46,11, 19,11, -8.333333333333211e+00
46,11, 21,11, -8.333333333333334e+00
46,11, 22,11, -2.431665979685249e-13
46,11, 23,11, -8.333333333333330e+00
46,11, 41,11, -1.666666666666667e+01
46,11, 42,11, -4.858023705534009e-13
46,11, 43,11, -1.666666666666667e+01
46,11, 45,11, -2.388089725968712e-13
46,11, 46,11,  1.333333333333343e+02
46,11, 47,11, -2.398775622580729e-13
46,11, 65,11, -8.333333333333211e+00
46,11, 66,11, -1.666666666666667e+01
46,11, 67,11, -8.333333333333210e+00
46,11, 69,11, -8.333333333333332e+00
46,11, 70,11, -2.425004641537498e-13
46,11, 71,11, -8.333333333333334e+00
47,11, 18,11, -8.333333333333210e+00
47,11, 19,11, -1.666666666666667e+01
47,11, 20,11, -8.333333333333210e+00
47,11, 22,11, -8.333333333333334e+00
47,11, 23,11, -2.415567745828184e-13
47,11, 24,11, -8.333333333333332e+00
47,11, 42,11, -1.666666666666667e+01
47,11, 43,11, -4.833911049217932e-13
47,11, 44,11, -1.666666666666667e+01
47,11, 46,11, -2.387673392334477e-13
47,11, 47,11,  1.333333333333343e+02
47,11, 48,11, -2.381844721455195e-13
47,11, 66,11, -8.333333333333211e+00
47,11, 67,11, -1.666666666666667e+01
47,11, 68,11, -8.333333333333210e+00
47,11, 70,11, -8.333333333333330e+00
47,11, 71,11, -2.413486077657012e-13
47,11, 72,11, -8.333333333333334e+00
48,11, 19,11, -8.333333333333210e+00
48,11, 20,11, -8.333333333333336e+00
48,11, 23,11, -8.333333333333332e+00
48,11, 24,11, -1.196820420545919e-13
48,11, 43,11, -1.666666666666667e+01
48,11, 44,11, -2.391975506554900e-13
48,11, 47,11, -2.395306175628775e-13
48,11, 48,11,  1.000666666666667e+05
48,11, 67,11, -8.333333333333210e+00
48,11, 68,11, -8.333333333333336e+00
48,11, 71,11, -8.333333333333334e+00
48,11, 72,11, -1.201261312644419e-13
49,11, 25,11, -1.277866701343555e-13
49,11, 26,11, -8.333333333333336e+00
49,11, 29,11, -8.333333333333332e+00
49,11, 30,11, -8.333333333333211e+00
49,11, 49,11,  1.253333333333333e+04
49,11, 50,11, -1.202510313547123e-13
49,11, 53,11, -1.172603680821283e-13
49,11, 54,11, -8.333333333333336e+00
50,11, 25,11, -8.333333333333337e+00
50,11, 26,11, -2.462613446496675e-13
50,11, 27,11, -8.333333333333336e+00
50,11, 29,11, -8.333333333333213e+00
50,11, 30,11, -1.666666666666667e+01
50,11, 31,11, -8.333333333333211e+00
50,11, 49,11, -1.215832989842625e-13
50,11, 50,11,  6.666666666666717e+01
50,11, 51,11, -1.218330991648031e-13
50,11, 53,11, -8.333333333333334e+00
50,11, 54,11, -2.351244199338964e-13
50,11, 55,11, -8.333333333333336e+00
51,11, 26,11, -8.333333333333334e+00
51,11, 27,11, -2.480793348524912e-13
51,11, 28,11, -8.333333333333337e+00
51,11, 30,11, -8.333333333333213e+00
51,11, 31,11, -1.666666666666667e+01
51,11, 32,11, -8.333333333333211e+00
51,11, 50,11, -1.236094560042034e-13
51,11, 51,11,  6.666666666666717e+01
51,11, 52,11, -1.226102552820407e-13
51,11, 54,11, -8.333333333333336e+00
51,11, 55,11, -2.334417381621989e-13
51,11, 56,11, -8.333333333333336e+00
52,11, 27,11, -8.333333333333336e+00
52,11, 28,11, -1.205702204742920e-13
52,11, 31,11, -8.333333333333211e+00
52,11, 32,11, -8.333333333333336e+00
52,11, 51,11, -1.232763890968158e-13
52,11, 52,11,  5.003333333333334e+04
52,11, 55,11, -8.333333333333336e+00
52,11, 56,11, -1.187383524836605e-13
53,11, 25,11, -8.333333333333332e+00
53,11, 26,11, -8.333333333333211e+00
53,11, 29,11, -2.432914980587952e-13
53,11, 30,11, -1.666666666666667e+01
53,11, 33,11, -8.333333333333332e+00
53,11, 34,11, -8.333333333333210e+00
53,11, 49,11, -1.163583118746203e-13
53,11, 50,11, -8.333333333333334e+00
53,11, 53,11,  2.506666666666667e+04
53,11, 54,11, -2.427363865464827e-13
53,11, 57,11, -1.283730066692357e-13
53,11, 58,11, -8.333333333333337e+00
54,11, 25,11, -8.333333333333211e+00
54,11, 26,11, -1.666666666666666e+01
54,11, 27,11, -8.333333333333211e+00
54,11, 29,11, -1.666666666666667e+01
54,11, 30,11, -4.896083538596940e-13
54,11, 31,11, -1.666666666666667e+01
54,11, 33,11, -8.333333333333210e+00
54,11, 34,11, -1.666666666666666e+01
54,11, 35,11, -8.333333333333211e+00
54,11, 49,11, -8.333333333333336e+00
54,11, 50,11, -2.351244199338964e-13
54,11, 51,11, -8.333333333333334e+00
54,11, 53,11, -2.434025203612578e-13
54,11, 54,11,  1.333333333333343e+02
54,11, 55,11, -2.436939539052219e-13
54,11, 57,11, -8.333333333333336e+00
54,11, 58,11, -2.453835745708233e-13
54,11, 59,11, -8.333333333333337e+00
55,11, 26,11, -8.333333333333211e+00
55,11, 27,11, -1.666666666666666e+01
55,11, 28,11, -8.333333333333211e+00
55,11, 30,11, -1.666666666666667e+01
55,11, 31,11, -4.889977311961502e-13
55,11, 32,11, -1.666666666666667e+01
55,11, 34,11, -8.333333333333210e+00
55,11, 35,11, -1.666666666666666e+01
55,11, 36,11, -8.333333333333210e+00
55,11, 50,11, -8.333333333333334e+00
55,11, 51,11, -2.338754190311931e-13
55,11, 52,11, -8.333333333333336e+00
55,11, 54,11, -2.437078316930297e-13
55,11, 55,11,  1.333333333333343e+02
55,11, 56,11, -2.462752224374753e-13
55,11, 58,11, -8.333333333333336e+00
55,11, 59,11, -2.459039916136163e-13
55,11, 60,11, -8.333333333333336e+00
56,11, 27,11, -8.333333333333211e+00
56,11, 28,11, -8.333333333333332e+00
56,11, 31,11, -1.666666666666667e+01
56,11, 32,11, -2.453592884421596e-13
56,11, 35,11, -8.333333333333210e+00
56,11, 36,11, -8.333333333333330e+00
56,11, 51,11, -8.333333333333336e+00
56,11, 52,11, -1.187383524836605e-13
56,11, 55,11, -2.447070324151923e-13
56,11, 56,11,  1.000666666666667e+05
56,11, 59,11, -8.333333333333336e+00
56,11, 60,11, -1.180167075176541e-13
57,11, 29,11, -8.333333333333339e+00
57,11, 30,11, -8.333333333333213e+00
57,11, 33,11, -2.384481501138680e-13
57,11, 34,11, -1.666666666666667e+01
57,11, 37,11, -8.333333333333332e+00
57,11, 38,11, -8.333333333333210e+00
57,11, 53,11, -1.283730066692357e-13
57,11, 54,11, -8.333333333333336e+00
57,11, 57,11,  2.506666666666667e+04
57,11, 58,11, -2.370742491208944e-13
57,11, 61,11, -1.213334988037218e-13
57,11, 62,11, -8.333333333333337e+00
58,11, 29,11, -8.333333333333215e+00
58,11, 30,11, -1.666666666666668e+01
58,11, 31,11, -8.333333333333213e+00
58,11, 33,11, -1.666666666666667e+01
58,11, 34,11, -4.837241718291807e-13
58,11, 35,11, -1.666666666666667e+01
58,11, 37,11, -8.333333333333210e+00
58,11, 38,11, -1.666666666666666e+01
58,11, 39,11, -8.333333333333210e+00
58,11, 53,11, -8.333333333333336e+00
58,11, 54,11, -2.458588888032409e-13
58,11, 55,11, -8.333333333333337e+00
58,11, 57,11, -2.361444373377708e-13
58,11, 58,11,  1.333333333333343e+02
58,11, 59,11, -2.389893838383728e-13
58,11, 61,11, -8.333333333333337e+00
58,11, 62,11, -2.429272061288401e-13
58,11, 63,11, -8.333333333333337e+00
59,11, 30,11, -8.333333333333215e+00
59,11, 31,11, -1.666666666666668e+01
59,11, 32,11, -8.333333333333213e+00
59,11, 34,11, -1.666666666666667e+01
59,11, 35,11, -4.834882494364479e-13
59,11, 36,11, -1.666666666666667e+01
59,11, 38,11, -8.333333333333210e+00
59,11, 39,11, -1.666666666666666e+01
59,11, 40,11, -8.333333333333210e+00
59,11, 54,11, -8.333333333333337e+00
59,11, 55,11, -2.447937685889912e-13
59,11, 56,11, -8.333333333333337e+00
59,11, 58,11, -2.378930386015554e-13
59,11, 59,11,  1.333333333333343e+02
59,11, 60,11, -2.399330734093041e-13
59,11, 62,11, -8.333333333333337e+00
59,11, 63,11, -2.415255495602509e-13
59,11, 64,11, -8.333333333333337e+00
60,11, 31,11, -8.333333333333213e+00
60,11, 32,11, -8.333333333333337e+00
60,11, 35,11, -1.666666666666667e+01
60,11, 36,11, -2.440270208126094e-13
60,11, 39,11, -8.333333333333210e+00
60,11, 40,11, -8.333333333333330e+00
60,11, 55,11, -8.333333333333336e+00
60,11, 56,11, -1.171285290979540e-13
60,11, 59,11, -2.390587727774118e-13
60,11, 60,11,  1.000666666666667e+05
60,11, 63,11, -8.333333333333337e+00
60,11, 64,11, -1.208477762304483e-13
61,11, 33,11, -8.333333333333339e+00
61,11, 34,11, -8.333333333333211e+00
61,11, 37,11, -2.408906407680433e-13
61,11, 38,11, -1.666666666666667e+01
61,11, 41,11, -8.333333333333336e+00
61,11, 42,11, -8.333333333333211e+00
61,11, 57,11, -1.213508460384816e-13
61,11, 58,11, -8.333333333333336e+00
61,11, 61,11,  2.506666666666667e+04
61,11, 62,11, -2.350342143131456e-13
61,11, 65,11, -1.214757461287519e-13
61,11, 66,11, -8.333333333333339e+00
62,11, 33,11, -8.333333333333213e+00
62,11, 34,11, -1.666666666666668e+01
62,11, 35,11, -8.333333333333211e+00
62,11, 37,11, -1.666666666666667e+01
62,11, 38,11, -4.876515857787922e-13
62,11, 39,11, -1.666666666666667e+01
62,11, 41,11, -8.333333333333211e+00
62,11, 42,11, -1.666666666666667e+01
62,11, 43,11, -8.333333333333211e+00
62,11, 57,11, -8.333333333333337e+00
62,11, 58,11, -2.427467948873385e-13
62,11, 59,11, -8.333333333333337e+00
62,11, 61,11, -2.336603133201720e-13
62,11, 62,11,  1.333333333333343e+02
62,11, 63,11, -2.366024043354287e-13
62,11, 65,11, -8.333333333333336e+00
62,11, 66,11, -2.420390277091400e-13
62,11, 67,11, -8.333333333333337e+00
63,11, 34,11, -8.333333333333213e+00
63,11, 35,11, -1.666666666666668e+01
63,11, 36,11, -8.333333333333213e+00
63,11, 38,11, -1.666666666666667e+01
63,11, 39,11, -4.858891067271998e-13
63,11, 40,11, -1.666666666666667e+01
63,11, 42,11, -8.333333333333210e+00
63,11, 43,11, -1.666666666666667e+01
63,11, 44,11, -8.333333333333211e+00
63,11, 58,11, -8.333333333333337e+00
63,11, 59,11, -2.415255495602509e-13
63,11, 60,11, -8.333333333333337e+00
63,11, 62,11, -2.347705363447972e-13
63,11, 63,11,  1.333333333333343e+02
63,11, 64,11, -2.365746487598130e-13
63,11, 66,11, -8.333333333333337e+00
63,11, 67,11, -2.405471655197999e-13
63,11, 68,11, -8.333333333333337e+00
64,11, 35,11, -8.333333333333213e+00
64,11, 36,11, -8.333333333333339e+00
64,11, 39,11, -1.666666666666667e+01
64,11, 40,11, -2.433608869978343e-13
64,11, 43,11, -8.333333333333211e+00
64,11, 44,11, -8.333333333333334e+00
64,11, 59,11, -8.333333333333337e+00
64,11, 60,11, -1.201816424156732e-13
64,11, 63,11, -2.361444373377708e-13
64,11, 64,11,  1.000666666666667e+05
64,11, 67,11, -8.333333333333337e+00
64,11, 68,11, -1.193489751472043e-13
65,11, 37,11, -8.333333333333334e+00
65,11, 38,11, -8.333333333333210e+00
65,11, 41,11, -2.417788191877435e-13
65,11, 42,11, -1.666666666666667e+01
65,11, 45,11, -8.333333333333336e+00
65,11, 46,11, -8.333333333333211e+00
65,11, 61,11, -1.212537015238269e-13
65,11, 62,11, -8.333333333333336e+00
65,11, 65,11,  2.506666666666667e+04
65,11, 66,11, -2.376848717844382e-13
65,11, 69,11, -1.215277878330312e-13
65,11, 70,11, -8.333333333333337e+00
66,11, 37,11, -8.333333333333210e+00
66,11, 38,11, -1.666666666666667e+01
66,11, 39,11, -8.333333333333210e+00
66,11, 41,11, -1.666666666666667e+01
66,11, 42,11, -4.877209747178313e-13
66,11, 43,11, -1.666666666666667e+01
66,11, 45,11, -8.333333333333210e+00
66,11, 46,11, -1.666666666666667e+01
66,11, 47,11, -8.333333333333211e+00
66,11, 61,11, -8.333333333333337e+00
66,11, 62,11, -2.418482081267825e-13
66,11, 63,11, -8.333333333333337e+00
66,11, 65,11, -2.376154828453991e-13
66,11, 66,11,  1.333333333333343e+02
66,11, 67,11, -2.400718512873823e-13
66,11, 69,11, -8.333333333333336e+00
66,11, 70,11, -2.417892275285993e-13
66,11, 71,11, -8.333333333333336e+00
67,11, 38,11, -8.333333333333210e+00
67,11, 39,11, -1.666666666666667e+01
67,11, 40,11, -8.333333333333210e+00
67,11, 42,11, -1.666666666666667e+01
67,11, 43,11, -4.843764278561480e-13
67,11, 44,11, -1.666666666666667e+01
67,11, 46,11, -8.333333333333210e+00
67,11, 47,11, -1.666666666666667e+01
67,11, 48,11, -8.333333333333210e+00
67,11, 62,11, -8.333333333333337e+00
67,11, 63,11, -2.401030763099499e-13
67,11, 64,11, -8.333333333333337e+00
67,11, 66,11, -2.391281617164509e-13
67,11, 67,11,  1.333333333333343e+02
67,11, 68,11, -2.401134846508057e-13
67,11, 70,11, -8.333333333333337e+00
67,11, 71,11, -2.412757493797102e-13
67,11, 72,11, -8.333333333333337e+00
68,11, 39,11, -8.333333333333210e+00
68,11, 40,11, -8.333333333333334e+00
68,11, 43,11, -1.666666666666667e+01
68,11, 44,11, -2.426947531830592e-13
68,11, 47,11, -8.333333333333210e+00
68,11, 48,11, -8.333333333333336e+00
68,11, 63,11, -8.333333333333337e+00
68,11, 64,11, -1.189048859373543e-13
68,11, 67,11, -2.401412402264214e-13
68,11, 68,11,  1.000666666666667e+05
68,11, 71,11, -8.333333333333337e+00
68,11, 72,11, -1.215139100452234e-13
69,11, 41,11, -8.333333333333336e+00
69,11, 42,11, -8.333333333333211e+00
69,11, 45,11, -1.210698208353733e-13
69,11, 46,11, -8.333333333333332e+00
69,11, 65,11, -1.213369682506737e-13
69,11, 66,11, -8.333333333333336e+00
69,11, 69,11,  1.253333333333333e+04
69,11, 70,11, -1.184746745153120e-13
70,11, 41,11, -8.333333333333210e+00
70,11, 42,11, -1.666666666666667e+01
70,11, 43,11, -8.333333333333211e+00
70,11, 45,11, -8.333333333333334e+00
70,11, 46,11, -2.429306755757921e-13
70,11, 47,11, -8.333333333333330e+00
70,11, 65,11, -8.333333333333337e+00
70,11, 66,11, -2.416088162870977e-13
70,11, 67,11, -8.333333333333337e+00
70,11, 69,11, -1.184885523031198e-13
70,11, 70,11,  6.666666666666715e+01
70,11, 71,11, -1.200012311741716e-13
71,11, 42,11, -8.333333333333210e+00
71,11, 43,11, -1.666666666666667e+01
71,11, 44,11, -8.333333333333210e+00
71,11, 46,11, -8.333333333333334e+00
71,11, 47,11, -2.424449530025186e-13
71,11, 48,11, -8.333333333333334e+00
71,11, 66,11, -8.333333333333336e+00
71,11, 67,11, -2.410814603504008e-13
71,11, 68,11, -8.333333333333337e+00
71,11, 70,11, -1.188910081495465e-13
71,11, 71,11,  6.666666666666717e+01
71,11, 72,11, -1.207506317157936e-13
72,11, 43,11, -8.333333333333210e+00
72,11, 44,11, -8.333333333333336e+00
72,11, 47,11, -8.333333333333334e+00
72,11, 48,11, -1.196820420545919e-13
72,11, 67,11, -8.333333333333337e+00
72,11, 68,11, -1.210698208353733e-13
72,11, 71,11, -1.212085987134515e-13
72,11, 72,11,  5.003333333333334e+04
73,11, 73,11,  2.560000000000000e+03
73,11, 74,11,  2.666666666666654e+01
73,11, 77,11,  2.666666666666656e+01
73,11, 78,11,  1.166666666666647e+01
73,11, 97,11, -5.333333333333375e+01
73,11, 98,11, -2.833333333333325e+01
73,11, 101,11, -2.833333333333325e+01
73,11, 102,11, -1.499999999999978e+01
74,11, 73,11,  2.666666666666654e+01
74,11, 74,11,  1.200000000000009e+02
74,11, 75,11,  2.666666666666655e+01
74,11, 77,11,  1.166666666666647e+01
74,11, 78,11,  5.333333333333312e+01
74,11, 79,11,  1.166666666666648e+01
74,11, 97,11, -2.833333333333325e+01
74,11, 98,11, -1.066666666666675e+02
74,11, 99,11, -2.833333333333325e+01
74,11, 101,11, -1.499999999999978e+01
74,11, 102,11, -5.666666666666649e+01
74,11, 103,11, -1.499999999999978e+01
75,11, 74,11,  2.666666666666655e+01
75,11, 75,11,  1.200000000000009e+02
75,11, 76,11,  2.666666666666655e+01
75,11, 78,11,  1.166666666666648e+01
75,11, 79,11,  5.333333333333311e+01
75,11, 80,11,  1.166666666666647e+01
75,11, 98,11, -2.833333333333325e+01
75,11, 99,11, -1.066666666666675e+02
75,11, 100,11, -2.833333333333325e+01
75,11, 102,11, -1.499999999999978e+01
75,11, 103,11, -5.666666666666649e+01
75,11, 104,11, -1.499999999999978e+01
76,11, 75,11,  2.666666666666655e+01
76,11, 76,11,  1.006000000000000e+04
76,11, 79,11,  1.166666666666648e+01
76,11, 80,11,  2.666666666666655e+01
76,11, 99,11, -2.833333333333325e+01
76,11, 100,11, -5.333333333333374e+01
76,11, 103,11, -1.499999999999978e+01
76,11, 104,11, -2.833333333333323e+01
77,11, 73,11,  2.666666666666656e+01
77,11, 74,11,  1.166666666666647e+01
77,11, 77,11,  5.120000000000001e+03
77,11, 78,11,  5.333333333333309e+01
77,11, 81,11,  2.666666666666655e+01
77,11, 82,11,  1.166666666666647e+01
77,11, 97,11, -2.833333333333326e+01
77,11, 98,11, -1.499999999999979e+01
77,11, 101,11, -1.066666666666675e+02
77,11, 102,11, -5.666666666666650e+01
77,11, 105,11, -2.833333333333326e+01
77,11, 106,11, -1.499999999999979e+01
78,11, 73,11,  1.166666666666647e+01
78,11, 74,11,  5.333333333333312e+01
78,11, 75,11,  1.166666666666648e+01
78,11, 77,11,  5.333333333333309e+01
78,11, 78,11,  2.400000000000018e+02
78,11, 79,11,  5.333333333333310e+01
78,11, 81,11,  1.166666666666647e+01
78,11, 82,11,  5.333333333333310e+01
78,11, 83,11,  1.166666666666647e+01
78,11, 97,11, -1.499999999999978e+01
78,11, 98,11, -5.666666666666652e+01
78,11, 99,11, -1.499999999999979e+01
78,11, 101,11, -5.666666666666648e+01
78,11, 102,11, -2.133333333333350e+02
78,11, 103,11, -5.666666666666650e+01
78,11, 105,11, -1.499999999999979e+01
78,11, 106,11, -5.666666666666652e+01
78,11, 107,11, -1.499999999999979e+01
79,11, 74,11,  1.166666666666648e+01
79,11, 75,11,  5.333333333333311e+01
79,11, 76,11,  1.166666666666648e+01
79,11, 78,11,  5.333333333333310e+01
79,11, 79,11,  2.400000000000018e+02
79,11, 80,11,  5.333333333333310e+01
79,11, 82,11,  1.166666666666647e+01
79,11, 83,11,  5.333333333333310e+01
79,11, 84,11,  1.166666666666647e+01
79,11, 98,11, -1.499999999999979e+01
79,11, 99,11, -5.666666666666652e+01
79,11, 100,11, -1.499999999999978e+01
79,11, 102,11, -5.666666666666649e+01
79,11, 103,11, -2.133333333333350e+02
79,11, 104,11, -5.666666666666649e+01
79,11, 106,11, -1.499999999999979e+01
79,11, 107,11, -5.666666666666652e+01
79,11, 108,11, -1.499999999999979e+01
80,11, 75,11,  1.166666666666647e+01
80,11, 76,11,  2.666666666666655e+01
80,11, 79,11,  5.333333333333310e+01
80,11, 80,11,  2.012000000000000e+04
80,11, 83,11,  1.166666666666648e+01
80,11, 84,11,  2.666666666666655e+01
80,11, 99,11, -1.499999999999979e+01
80,11, 100,11, -2.833333333333326e+01
80,11, 103,11, -5.666666666666649e+01
80,11, 104,11, -1.066666666666675e+02
80,11, 107,11, -1.499999999999979e+01
80,11, 108,11, -2.833333333333326e+01
81,11, 77,11,  2.666666666666655e+01
81,11, 78,11,  1.166666666666647e+01
81,11, 81,11,  5.120000000000001e+03
81,11, 82,11,  5.333333333333309e+01
81,11, 85,11,  2.666666666666656e+01
81,11, 86,11,  1.166666666666647e+01
81,11, 101,11, -2.833333333333323e+01
81,11, 102,11, -1.499999999999977e+01
81,11, 105,11, -1.066666666666675e+02
81,11, 106,11, -5.666666666666650e+01
81,11, 109,11, -2.833333333333327e+01
81,11, 110,11, -1.499999999999979e+01
82,11, 77,11,  1.166666666666647e+01
82,11, 78,11,  5.333333333333310e+01
82,11, 79,11,  1.166666666666647e+01
82,11, 81,11,  5.333333333333309e+01
82,11, 82,11,  2.400000000000017e+02
82,11, 83,11,  5.333333333333309e+01
82,11, 85,11,  1.166666666666647e+01
82,11, 86,11,  5.333333333333311e+01
82,11, 87,11,  1.166666666666647e+01
82,11, 101,11, -1.499999999999977e+01
82,11, 102,11, -5.666666666666647e+01
82,11, 103,11, -1.499999999999977e+01
82,11, 105,11, -5.666666666666649e+01
82,11, 106,11, -2.133333333333350e+02
82,11, 107,11, -5.666666666666649e+01
82,11, 109,11, -1.499999999999979e+01
82,11, 110,11, -5.666666666666653e+01
82,11, 111,11, -1.499999999999979e+01
83,11, 78,11,  1.166666666666647e+01
83,11, 79,11,  5.333333333333310e+01
83,11, 80,11,  1.166666666666648e+01
83,11, 82,11,  5.333333333333309e+01
83,11, 83,11,  2.400000000000017e+02
83,11, 84,11,  5.333333333333309e+01
83,11, 86,11,  1.166666666666647e+01
83,11, 87,11,  5.333333333333310e+01
83,11, 88,11,  1.166666666666648e+01
83,11, 102,11, -1.499999999999977e+01
83,11, 103,11, -5.666666666666647e+01
83,11, 104,11, -1.499999999999977e+01
83,11, 106,11, -5.666666666666649e+01
83,11, 107,11, -2.133333333333350e+02
83,11, 108,11, -5.666666666666649e+01
83,11, 110,11, -1.499999999999979e+01
83,11, 111,11, -5.666666666666653e+01
83,11, 112,11, -1.499999999999979e+01
84,11, 79,11,  1.166666666666647e+01
84,11, 80,11,  2.666666666666655e+01
84,11, 83,11,  5.333333333333309e+01
84,11, 84,11,  2.012000000000000e+04
84,11, 87,11,  1.166666666666648e+01
84,11, 88,11,  2.666666666666655e+01
84,11, 103,11, -1.499999999999977e+01
84,11, 104,11, -2.833333333333324e+01
84,11, 107,11, -5.666666666666649e+01
84,11, 108,11, -1.066666666666675e+02
84,11, 111,11, -1.499999999999979e+01
84,11, 112,11, -2.833333333333326e+01
85,11, 81,11,  2.666666666666656e+01
85,11, 82,11,  1.166666666666647e+01
85,11, 85,11,  5.120000000000001e+03
85,11, 86,11,  5.333333333333307e+01
85,11, 89,11,  2.666666666666656e+01
85,11, 90,11,  1.166666666666647e+01
85,11, 105,11, -2.833333333333323e+01
85,11, 106,11, -1.499999999999978e+01
85,11, 109,11, -1.066666666666675e+02
85,11, 110,11, -5.666666666666650e+01
85,11, 113,11, -2.833333333333324e+01
85,11, 114,11, -1.499999999999978e+01
86,11, 81,11,  1.166666666666647e+01
86,11, 82,11,  5.333333333333311e+01
86,11, 83,11,  1.166666666666647e+01
86,11, 85,11,  5.333333333333307e+01
86,11, 86,11,  2.400000000000017e+02
86,11, 87,11,  5.333333333333308e+01
86,11, 89,11,  1.166666666666647e+01
86,11, 90,11,  5.333333333333312e+01
86,11, 91,11,  1.166666666666647e+01
86,11, 105,11, -1.499999999999977e+01
86,11, 106,11, -5.666666666666646e+01
86,11, 107,11, -1.499999999999977e+01
86,11, 109,11, -5.666666666666649e+01
86,11, 110,11, -2.133333333333350e+02
86,11, 111,11, -5.666666666666650e+01
86,11, 113,11, -1.499999999999978e+01
86,11, 114,11, -5.666666666666649e+01
86,11, 115,11, -1.499999999999978e+01
87,11, 82,11,  1.166666666666647e+01
87,11, 83,11,  5.333333333333310e+01
87,11, 84,11,  1.166666666666648e+01
87,11, 86,11,  5.333333333333308e+01
87,11, 87,11,  2.400000000000017e+02
87,11, 88,11,  5.333333333333309e+01
87,11, 90,11,  1.166666666666648e+01
87,11, 91,11,  5.333333333333311e+01
87,11, 92,11,  1.166666666666648e+01
87,11, 106,11, -1.499999999999977e+01
87,11, 107,11, -5.666666666666646e+01
87,11, 108,11, -1.499999999999977e+01
87,11, 110,11, -5.666666666666649e+01
87,11, 111,11, -2.133333333333350e+02
87,11, 112,11, -5.666666666666649e+01
87,11, 114,11, -1.499999999999978e+01
87,11, 115,11, -5.666666666666649e+01
87,11, 116,11, -1.499999999999978e+01
88,11, 83,11,  1.166666666666648e+01
88,11, 84,11,  2.666666666666655e+01
88,11, 87,11,  5.333333333333309e+01
88,11, 88,11,  2.012000000000000e+04
88,11, 91,11,  1.166666666666648e+01
88,11, 92,11,  2.666666666666655e+01
88,11, 107,11, -1.499999999999978e+01
88,11, 108,11, -2.833333333333323e+01
88,11, 111,11, -5.666666666666649e+01
88,11, 112,11, -1.066666666666675e+02
88,11, 115,11, -1.499999999999978e+01
88,11, 116,11, -2.833333333333324e+01
89,11, 85,11,  2.666666666666656e+01
89,11, 86,11,  1.166666666666648e+01
89,11, 89,11,  5.120000000000001e+03
89,11, 90,11,  5.333333333333309e+01
89,11, 93,11,  2.666666666666656e+01
89,11, 94,11,  1.166666666666647e+01
89,11, 109,11, -2.833333333333325e+01
89,11, 110,11, -1.499999999999979e+01
89,11, 113,11, -1.066666666666675e+02
89,11, 114,11, -5.666666666666651e+01
89,11, 117,11, -2.833333333333325e+01
89,11, 118,11, -1.499999999999979e+01
90,11, 85,11,  1.166666666666647e+01
90,11, 86,11,  5.333333333333312e+01
90,11, 87,11,  1.166666666666648e+01
90,11, 89,11,  5.333333333333309e+01
90,11, 90,11,  2.400000000000018e+02
90,11, 91,11,  5.333333333333309e+01
90,11, 93,11,  1.166666666666647e+01
90,11, 94,11,  5.333333333333310e+01
90,11, 95,11,  1.166666666666647e+01
90,11, 109,11, -1.499999999999978e+01
90,11, 110,11, -5.666666666666651e+01
90,11, 111,11, -1.499999999999979e+01
90,11, 113,11, -5.666666666666649e+01
90,11, 114,11, -2.133333333333350e+02
90,11, 115,11, -5.666666666666650e+01
90,11, 117,11, -1.499999999999978e+01
90,11, 118,11, -5.666666666666649e+01
90,11, 119,11, -1.499999999999978e+01
91,11, 86,11,  1.166666666666647e+01
91,11, 87,11,  5.333333333333311e+01
91,11, 88,11,  1.166666666666648e+01
91,11, 90,11,  5.333333333333309e+01
91,11, 91,11,  2.400000000000017e+02
91,11, 92,11,  5.333333333333310e+01
91,11, 94,11,  1.166666666666647e+01
91,11, 95,11,  5.333333333333310e+01
91,11, 96,11,  1.166666666666647e+01
91,11, 110,11, -1.499999999999978e+01
91,11, 111,11, -5.666666666666650e+01
91,11, 112,11, -1.499999999999979e+01
91,11, 114,11, -5.666666666666649e+01
91,11, 115,11, -2.133333333333350e+02
91,11, 116,11, -5.666666666666649e+01
91,11, 118,11, -1.499999999999978e+01
91,11, 119,11, -5.666666666666649e+01
91,11, 120,11, -1.499999999999978e+01
92,11, 87,11,  1.166666666666647e+01
92,11, 88,11,  2.666666666666655e+01
92,11, 91,11,  5.333333333333310e+01
92,11, 92,11,  2.012000000000000e+04
92,11, 95,11,  1.166666666666647e+01
92,11, 96,11,  2.666666666666655e+01
92,11, 111,11, -1.499999999999979e+01
92,11, 112,11, -2.833333333333325e+01
92,11, 115,11, -5.666666666666649e+01
92,11, 116,11, -1.066666666666675e+02
92,11, 119,11, -1.499999999999978e+01
92,11, 120,11, -2.833333333333324e+01
93,11, 89,11,  2.666666666666656e+01
93,11, 90,11,  1.166666666666647e+01
93,11, 93,11,  2.560000000000000e+03
93,11, 94,11,  2.666666666666655e+01
93,11, 113,11, -2.833333333333325e+01
93,11, 114,11, -1.499999999999979e+01
93,11, 117,11, -5.333333333333374e+01
93,11, 118,11, -2.833333333333325e+01
94,11, 89,11,  1.166666666666647e+01
94,11, 90,11,  5.333333333333310e+01
94,11, 91,11,  1.166666666666647e+01
94,11, 93,11,  2.666666666666655e+01
94,11, 94,11,  1.200000000000009e+02
94,11, 95,11,  2.666666666666655e+01
94,11, 113,11, -1.499999999999978e+01
94,11, 114,11, -5.666666666666650e+01
94,11, 115,11, -1.499999999999979e+01
94,11, 117,11, -2.833333333333324e+01
94,11, 118,11, -1.066666666666675e+02
94,11, 119,11, -2.833333333333326e+01
95,11, 90,11,  1.166666666666647e+01
95,11, 91,11,  5.333333333333310e+01
95,11, 92,11,  1.166666666666647e+01
95,11, 94,11,  2.666666666666655e+01
95,11, 95,11,  1.200000000000009e+02
95,11, 96,11,  2.666666666666655e+01
95,11, 114,11, -1.499999999999978e+01
95,11, 115,11, -5.666666666666650e+01
95,11, 116,11, -1.499999999999978e+01
95,11, 118,11, -2.833333333333324e+01
95,11, 119,11, -1.066666666666675e+02
95,11, 120,11, -2.833333333333325e+01
96,11, 91,11,  1.166666666666647e+01
96,11, 92,11,  2.666666666666655e+01
96,11, 95,11,  2.666666666666655e+01
96,11, 96,11,  1.006000000000000e+04
96,11, 115,11, -1.499999999999978e+01
96,11, 116,11, -2.833333333333324e+01
96,11, 119,11, -2.833333333333325e+01
96,11, 120,11, -5.333333333333374e+01
97,11, 73,11, -5.333333333333375e+01
97,11, 74,11, -2.833333333333325e+01
97,11, 77,11, -2.833333333333326e+01
97,11, 78,11, -1.499999999999978e+01
97,11, 97,11,  2.560000000000000e+03
97,11, 98,11,  2.666666666666657e+01
97,11, 101,11,  2.666666666666656e+01
97,11, 102,11,  1.166666666666648e+01
98,11, 73,11, -2.833333333333325e+01
98,11, 74,11, -1.066666666666675e+02
98,11, 75,11, -2.833333333333325e+01
98,11, 77,11, -1.499999999999979e+01
98,11, 78,11, -5.666666666666652e+01
98,11, 79,11, -1.499999999999979e+01
98,11, 97,11,  2.666666666666657e+01
98,11, 98,11,  1.200000000000009e+02
98,11, 99,11,  2.666666666666656e+01
98,11, 101,11,  1.166666666666648e+01
98,11, 102,11,  5.333333333333312e+01
98,11, 103,11,  1.166666666666648e+01
99,11, 74,11, -2.833333333333325e+01
99,11, 75,11, -1.066666666666675e+02
99,11, 76,11, -2.833333333333325e+01
99,11, 78,11, -1.499999999999979e+01
99,11, 79,11, -5.666666666666652e+01
99,11, 80,11, -1.499999999999979e+01
99,11, 98,11,  2.666666666666656e+01
99,11, 99,11,  1.200000000000009e+02
99,11, 100,11,  2.666666666666656e+01
99,11, 102,11,  1.166666666666648e+01
99,11, 103,11,  5.333333333333313e+01
99,11, 104,11,  1.166666666666648e+01
100,11, 75,11, -2.833333333333325e+01
100,11, 76,11, -5.333333333333374e+01
100,11, 79,11, -1.499999999999978e+01
100,11, 80,11, -2.833333333333326e+01
100,11, 99,11,  2.666666666666656e+01
100,11, 100,11,  1.006000000000000e+04
100,11, 103,11,  1.166666666666648e+01
100,11, 104,11,  2.666666666666655e+01
101,11, 73,11, -2.833333333333325e+01
101,11, 74,11, -1.499999999999978e+01
101,11, 77,11, -1.066666666666675e+02
101,11, 78,11, -5.666666666666648e+01
101,11, 81,11, -2.833333333333323e+01
101,11, 82,11, -1.499999999999977e+01
101,11, 97,11,  2.666666666666656e+01
101,11, 98,11,  1.166666666666648e+01
101,11, 101,11,  5.120000000000001e+03
101,11, 102,11,  5.333333333333312e+01
101,11, 105,11,  2.666666666666654e+01
101,11, 106,11,  1.166666666666648e+01
102,11, 73,11, -1.499999999999978e+01
102,11, 74,11, -5.666666666666649e+01
102,11, 75,11, -1.499999999999978e+01
102,11, 77,11, -5.666666666666650e+01
102,11, 78,11, -2.133333333333350e+02
102,11, 79,11, -5.666666666666649e+01
102,11, 81,11, -1.499999999999977e+01
102,11, 82,11, -5.666666666666647e+01
102,11, 83,11, -1.499999999999977e+01
102,11, 97,11,  1.166666666666648e+01
102,11, 98,11,  5.333333333333312e+01
102,11, 99,11,  1.166666666666648e+01
102,11, 101,11,  5.333333333333312e+01
102,11, 102,11,  2.400000000000017e+02
102,11, 103,11,  5.333333333333312e+01
102,11, 105,11,  1.166666666666648e+01
102,11, 106,11,  5.333333333333310e+01
102,11, 107,11,  1.166666666666648e+01
103,11, 74,11, -1.499999999999978e+01
103,11, 75,11, -5.666666666666649e+01
103,11, 76,11, -1.499999999999978e+01
103,11, 78,11, -5.666666666666650e+01
103,11, 79,11, -2.133333333333350e+02
103,11, 80,11, -5.666666666666649e+01
103,11, 82,11, -1.499999999999977e+01
103,11, 83,11, -5.666666666666647e+01
103,11, 84,11, -1.499999999999977e+01
103,11, 98,11,  1.166666666666648e+01
103,11, 99,11,  5.333333333333313e+01
103,11, 100,11,  1.166666666666648e+01
103,11, 102,11,  5.333333333333312e+01
103,11, 103,11,  2.400000000000017e+02
103,11, 104,11,  5.333333333333310e+01
103,11, 106,11,  1.166666666666648e+01
103,11, 107,11,  5.333333333333312e+01
103,11, 108,11,  1.166666666666647e+01
104,11, 75,11, -1.499999999999978e+01
104,11, 76,11, -2.833333333333323e+01
104,11, 79,11, -5.666666666666649e+01
104,11, 80,11, -1.066666666666675e+02
104,11, 83,11, -1.499999999999977e+01
104,11, 84,11, -2.833333333333324e+01
104,11, 99,11,  1.166666666666648e+01
104,11, 100,11,  2.666666666666655e+01
104,11, 103,11,  5.333333333333310e+01
104,11, 104,11,  2.012000000000000e+04
104,11, 107,11,  1.166666666666648e+01
104,11, 108,11,  2.666666666666656e+01
105,11, 77,11, -2.833333333333326e+01
105,11, 78,11, -1.499999999999979e+01
105,11, 81,11, -1.066666666666675e+02
105,11, 82,11, -5.666666666666649e+01
105,11, 85,11, -2.833333333333323e+01
105,11, 86,11, -1.499999999999977e+01
105,11, 101,11,  2.666666666666654e+01
105,11, 102,11,  1.166666666666648e+01
105,11, 105,11,  5.120000000000001e+03
105,11, 106,11,  5.333333333333313e+01
105,11, 109,11,  2.666666666666655e+01
105,11, 110,11,  1.166666666666648e+01
106,11, 77,11, -1.499999999999979e+01
106,11, 78,11, -5.666666666666652e+01
106,11, 79,11, -1.499999999999979e+01
106,11, 81,11, -5.666666666666650e+01
106,11, 82,11, -2.133333333333350e+02
106,11, 83,11, -5.666666666666649e+01
106,11, 85,11, -1.499999999999978e+01
106,11, 86,11, -5.666666666666646e+01
106,11, 87,11, -1.499999999999977e+01
106,11, 101,11,  1.166666666666648e+01
106,11, 102,11,  5.333333333333310e+01
106,11, 103,11,  1.166666666666648e+01
106,11, 105,11,  5.333333333333313e+01
106,11, 106,11,  2.400000000000017e+02
106,11, 107,11,  5.333333333333312e+01
106,11, 109,11,  1.166666666666648e+01
106,11, 110,11,  5.333333333333310e+01
106,11, 111,11,  1.166666666666648e+01
107,11, 78,11, -1.499999999999979e+01
107,11, 79,11, -5.666666666666652e+01
107,11, 80,11, -1.499999999999979e+01
107,11, 82,11, -5.666666666666649e+01
107,11, 83,11, -2.133333333333350e+02
107,11, 84,11, -5.666666666666649e+01
107,11, 86,11, -1.499999999999977e+01
107,11, 87,11, -5.666666666666646e+01
107,11, 88,11, -1.499999999999978e+01
107,11, 102,11,  1.166666666666648e+01
107,11, 103,11,  5.333333333333310e+01
107,11, 104,11,  1.166666666666647e+01
107,11, 106,11,  5.333333333333312e+01
107,11, 107,11,  2.400000000000018e+02
107,11, 108,11,  5.333333333333312e+01
107,11, 110,11,  1.166666666666648e+01
107,11, 111,11,  5.333333333333312e+01
107,11, 112,11,  1.166666666666648e+01
108,11, 79,11, -1.499999999999979e+01
108,11, 80,11, -2.833333333333326e+01
108,11, 83,11, -5.666666666666649e+01
108,11, 84,11, -1.066666666666675e+02
108,11, 87,11, -1.499999999999977e+01
108,11, 88,11, -2.833333333333323e+01
108,11, 103,11,  1.166666666666647e+01
108,11, 104,11,  2.666666666666656e+01
108,11, 107,11,  5.333333333333312e+01
108,11, 108,11,  2.012000000000000e+04
108,11, 111,11,  1.166666666666648e+01
108,11, 112,11,  2.666666666666656e+01
109,11, 81,11, -2.833333333333326e+01
109,11, 82,11, -1.499999999999979e+01
109,11, 85,11, -1.066666666666675e+02
109,11, 86,11, -5.666666666666649e+01
109,11, 89,11, -2.833333333333325e+01
109,11, 90,11, -1.499999999999978e+01
109,11, 105,11,  2.666666666666655e+01
109,11, 106,11,  1.166666666666648e+01
109,11, 109,11,  5.120000000000001e+03
109,11, 110,11,  5.333333333333314e+01
109,11, 113,11,  2.666666666666655e+01
109,11, 114,11,  1.166666666666648e+01
110,11, 81,11, -1.499999999999979e+01
110,11, 82,11, -5.666666666666653e+01
110,11, 83,11, -1.499999999999979e+01
110,11, 85,11, -5.666666666666650e+01
110,11, 86,11, -2.133333333333350e+02
110,11, 87,11, -5.666666666666649e+01
110,11, 89,11, -1.499999999999979e+01
110,11, 90,11, -5.666666666666650e+01
110,11, 91,11, -1.499999999999978e+01
110,11, 105,11,  1.166666666666648e+01
110,11, 106,11,  5.333333333333310e+01
110,11, 107,11,  1.166666666666648e+01
110,11, 109,11,  5.333333333333314e+01
110,11, 110,11,  2.400000000000018e+02
110,11, 111,11,  5.333333333333314e+01
110,11, 113,11,  1.166666666666648e+01
110,11, 114,11,  5.333333333333312e+01
110,11, 115,11,  1.166666666666648e+01
111,11, 82,11, -1.499999999999979e+01
111,11, 83,11, -5.666666666666653e+01
111,11, 84,11, -1.499999999999979e+01
111,11, 86,11, -5.666666666666650e+01
111,11, 87,11, -2.133333333333350e+02
111,11, 88,11, -5.666666666666649e+01
111,11, 90,11, -1.499999999999979e+01
111,11, 91,11, -5.666666666666650e+01
111,11, 92,11, -1.499999999999978e+01
111,11, 106,11,  1.166666666666648e+01
111,11, 107,11,  5.333333333333312e+01
111,11, 108,11,  1.166666666666648e+01
111,11, 110,11,  5.333333333333314e+01
111,11, 111,11,  2.400000000000018e+02
111,11, 112,11,  5.333333333333312e+01
111,11, 114,11,  1.166666666666648e+01
111,11, 115,11,  5.333333333333312e+01
111,11, 116,11,  1.166666666666648e+01
112,11, 83,11, -1.499999999999979e+01
112,11, 84,11, -2.833333333333326e+01
112,11, 87,11, -5.666666666666649e+01
112,11, 88,11, -1.066666666666675e+02
112,11, 91,11, -1.499999999999978e+01
112,11, 92,11, -2.833333333333325e+01
112,11, 107,11,  1.166666666666647e+01
112,11, 108,11,  2.666666666666656e+01
112,11, 111,11,  5.333333333333312e+01
112,11, 112,11,  2.012000000000000e+04
112,11, 115,11,  1.166666666666648e+01
112,11, 116,11,  2.666666666666655e+01
113,11, 85,11, -2.833333333333324e+01
113,11, 86,11, -1.499999999999978e+01
113,11, 89,11, -1.066666666666675e+02
113,11, 90,11, -5.666666666666649e+01
113,11, 93,11, -2.833333333333325e+01
113,11, 94,11, -1.499999999999978e+01
113,11, 109,11,  2.666666666666655e+01
113,11, 110,11,  1.166666666666648e+01
113,11, 113,11,  5.120000000000001e+03
113,11, 114,11,  5.333333333333313e+01
113,11, 117,11,  2.666666666666655e+01
113,11, 118,11,  1.166666666666648e+01
114,11, 85,11, -1.499999999999978e+01
114,11, 86,11, -5.666666666666649e+01
114,11, 87,11, -1.499999999999978e+01
114,11, 89,11, -5.666666666666650e+01
114,11, 90,11, -2.133333333333350e+02
114,11, 91,11, -5.666666666666649e+01
114,11, 93,11, -1.499999999999979e+01
114,11, 94,11, -5.666666666666650e+01
114,11, 95,11, -1.499999999999978e+01
114,11, 109,11,  1.166666666666648e+01
114,11, 110,11,  5.333333333333312e+01
114,11, 111,11,  1.166666666666648e+01
114,11, 113,11,  5.333333333333313e+01
114,11, 114,11,  2.400000000000018e+02
114,11, 115,11,  5.333333333333312e+01
114,11, 117,11,  1.166666666666648e+01
114,11, 118,11,  5.333333333333312e+01
114,11, 119,11,  1.166666666666648e+01
115,11, 86,11, -1.499999999999978e+01
115,11, 87,11, -5.666666666666649e+01
115,11, 88,11, -1.499999999999978e+01
115,11, 90,11, -5.666666666666650e+01
115,11, 91,11, -2.133333333333350e+02
115,11, 92,11, -5.666666666666649e+01
115,11, 94,11, -1.499999999999979e+01
115,11, 95,11, -5.666666666666650e+01
115,11, 96,11, -1.499999999999978e+01
115,11, 110,11,  1.166666666666648e+01
115,11, 111,11,  5.333333333333312e+01
115,11, 112,11,  1.166666666666648e+01
115,11, 114,11,  5.333333333333312e+01
115,11, 115,11,  2.400000000000018e+02
115,11, 116,11,  5.333333333333312e+01
115,11, 118,11,  1.166666666666648e+01
115,11, 119,11,  5.333333333333312e+01
115,11, 120,11,  1.166666666666647e+01
116,11, 87,11, -1.499999999999978e+01
116,11, 88,11, -2.833333333333324e+01
116,11, 91,11, -5.666666666666649e+01
116,11, 92,11, -1.066666666666675e+02
116,11, 95,11, -1.499999999999978e+01
116,11, 96,11, -2.833333333333324e+01
116,11, 111,11,  1.166666666666648e+01
116,11, 112,11,  2.666666666666655e+01
116,11, 115,11,  5.333333333333312e+01
116,11, 116,11,  2.012000000000000e+04
116,11, 119,11,  1.166666666666648e+01
116,11, 120,11,  2.666666666666655e+01
117,11, 89,11, -2.833333333333325e+01
117,11, 90,11, -1.499999999999978e+01
117,11, 93,11, -5.333333333333375e+01
117,11, 94,11, -2.833333333333324e+01
117,11, 113,11,  2.666666666666655e+01
117,11, 114,11,  1.166666666666648e+01
117,11, 117,11,  2.560000000000000e+03
117,11, 118,11,  2.666666666666656e+01
118,11, 89,11, -1.499999999999979e+01
118,11, 90,11, -5.666666666666649e+01
118,11, 91,11, -1.499999999999978e+01
118,11, 93,11, -2.833333333333325e+01
118,11, 94,11, -1.066666666666675e+02
118,11, 95,11, -2.833333333333324e+01
118,11, 113,11,  1.166666666666648e+01
118,11, 114,11,  5.333333333333312e+01
118,11, 115,11,  1.166666666666648e+01
118,11, 117,11,  2.666666666666656e+01
118,11, 118,11,  1.200000000000009e+02
118,11, 119,11,  2.666666666666656e+01
119,11, 90,11, -1.499999999999978e+01
119,11, 91,11, -5.666666666666649e+01
119,11, 92,11, -1.499999999999978e+01
119,11, 94,11, -2.833333333333326e+01
119,11, 95,11, -1.066666666666675e+02
119,11, 96,11, -2.833333333333325e+01
119,11, 114,11,  1.166666666666648e+01
119,11, 115,11,  5.333333333333312e+01
119,11, 116,11,  1.166666666666648e+01
119,11, 118,11,  2.666666666666656e+01
119,11, 119,11,  1.200000000000009e+02
119,11, 120,11,  2.666666666666655e+01
120,11, 91,11, -1.499999999999978e+01
120,11, 92,11, -2.833333333333324e+01
120,11, 95,11, -2.833333333333325e+01
120,11, 96,11, -5.333333333333374e+01
120,11, 115,11,  1.166666666666647e+01
120,11, 116,11,  2.666666666666655e+01
120,11, 119,11,  2.666666666666655e+01
120,11, 120,11,  1.006000000000000e+04
121,11, 121,11,  6.250666666666667e+03
121,11, 122,11,  1.666666666666648e-01
121,11, 125,11,  1.666666666666650e-01
121,11, 126,11, -1.196959198423997e-15
121,11, 145,11, -3.333333333333372e-01
121,11, 146,11, -2.499999999999994e-01
121,11, 149,11, -2.499999999999994e-01
121,11, 150,11, -1.666666666666643e-01
122,11, 121,11,  1.666666666666648e-01
122,11, 122,11,  1.333333333333343e+00
122,11, 123,11,  1.666666666666649e-01
122,11, 125,11, -1.229918944467556e-15
122,11, 126,11,  3.333333333333298e-01
122,11, 127,11, -1.219510603611695e-15
122,11, 145,11, -2.499999999999994e-01
122,11, 146,11, -6.666666666666741e-01
122,11, 147,11, -2.499999999999994e-01
122,11, 149,11, -1.666666666666642e-01
122,11, 150,11, -4.999999999999988e-01
122,11, 151,11, -1.666666666666643e-01
123,11, 122,11,  1.666666666666648e-01
123,11, 123,11,  1.333333333333344e+00
123,11, 124,11,  1.666666666666648e-01
123,11, 126,11, -1.186550857568136e-15
123,11, 127,11,  3.333333333333298e-01
123,11, 128,11, -1.191755027996066e-15
123,11, 146,11, -2.499999999999994e-01
123,11, 147,11, -6.666666666666741e-01
123,11, 148,11, -2.499999999999994e-01
123,11, 150,11, -1.666666666666643e-01
123,11, 151,11, -4.999999999999987e-01
123,11, 152,11, -1.666666666666643e-01
124,11, 123,11,  1.666666666666648e-01
124,11, 124,11,  2.500066666666667e+04
124,11, 127,11, -1.177877240188252e-15
124,11, 128,11,  1.666666666666648e-01
124,11, 147,11, -2.499999999999994e-01
124,11, 148,11, -3.333333333333369e-01
124,11, 151,11, -1.666666666666643e-01
124,11, 152,11, -2.499999999999993e-01
125,11, 121,11,  1.666666666666650e-01
125,11, 122,11, -1.221245327087672e-15
125,11, 125,11,  1.250133333333333e+04
125,11, 126,11,  3.333333333333297e-01
125,11, 129,11,  1.666666666666649e-01
125,11, 130,11, -1.221245327087672e-15
125,11, 145,11, -2.499999999999995e-01
125,11, 146,11, -1.666666666666644e-01
125,11, 149,11, -6.666666666666741e-01
125,11, 150,11, -4.999999999999989e-01
125,11, 153,11, -2.499999999999995e-01
125,11, 154,11, -1.666666666666644e-01
126,11, 121,11, -1.200428645375951e-15
126,11, 122,11,  3.333333333333298e-01
126,11, 123,11, -1.193489751472043e-15
126,11, 125,11,  3.333333333333297e-01
126,11, 126,11,  2.666666666666688e+00
126,11, 127,11,  3.333333333333297e-01
126,11, 129,11, -1.250735626179278e-15
126,11, 130,11,  3.333333333333298e-01
126,11, 131,11, -1.217775880135719e-15
126,11, 145,11, -1.666666666666643e-01
126,11, 146,11, -4.999999999999990e-01
126,11, 147,11, -1.666666666666644e-01
126,11, 149,11, -4.999999999999987e-01
126,11, 150,11, -1.333333333333348e+00
126,11, 151,11, -4.999999999999989e-01
126,11, 153,11, -1.666666666666643e-01
126,11, 154,11, -4.999999999999991e-01
126,11, 155,11, -1.666666666666644e-01
127,11, 122,11, -1.203898092327904e-15
127,11, 123,11,  3.333333333333298e-01
127,11, 124,11, -1.186550857568136e-15
127,11, 126,11,  3.333333333333297e-01
127,11, 127,11,  2.666666666666688e+00
127,11, 128,11,  3.333333333333298e-01
127,11, 130,11, -1.203898092327904e-15
127,11, 131,11,  3.333333333333297e-01
127,11, 132,11, -1.205632815803881e-15
127,11, 146,11, -1.666666666666644e-01
127,11, 147,11, -4.999999999999989e-01
127,11, 148,11, -1.666666666666643e-01
127,11, 150,11, -4.999999999999988e-01
127,11, 151,11, -1.333333333333348e+00
127,11, 152,11, -4.999999999999987e-01
127,11, 154,11, -1.666666666666644e-01
127,11, 155,11, -4.999999999999991e-01
127,11, 156,11, -1.666666666666644e-01
128,11, 123,11, -1.176142516712275e-15
128,11, 124,11,  1.666666666666648e-01
128,11, 127,11,  3.333333333333298e-01
128,11, 128,11,  5.000133333333334e+04
128,11, 131,11, -1.196959198423997e-15
128,11, 132,11,  1.666666666666649e-01
128,11, 147,11, -1.666666666666644e-01
128,11, 148,11, -2.499999999999994e-01
128,11, 151,11, -4.999999999999988e-01
128,11, 152,11, -6.666666666666741e-01
128,11, 155,11, -1.666666666666644e-01
128,11, 156,11, -2.499999999999996e-01
129,11, 125,11,  1.666666666666649e-01
129,11, 126,11, -1.243796732275371e-15
129,11, 129,11,  1.250133333333333e+04
129,11, 130,11,  3.333333333333295e-01
129,11, 133,11,  1.666666666666649e-01
129,11, 134,11, -1.217775880135719e-15
129,11, 149,11, -2.499999999999993e-01
129,11, 150,11, -1.666666666666642e-01
129,11, 153,11, -6.666666666666738e-01
129,11, 154,11, -4.999999999999989e-01
129,11, 157,11, -2.499999999999996e-01
129,11, 158,11, -1.666666666666644e-01
130,11, 125,11, -1.205632815803881e-15
130,11, 126,11,  3.333333333333298e-01
130,11, 127,11, -1.212571709707788e-15
130,11, 129,11,  3.333333333333296e-01
130,11, 130,11,  2.666666666666687e+00
130,11, 131,11,  3.333333333333296e-01
130,11, 133,11, -1.250735626179278e-15
130,11, 134,11,  3.333333333333298e-01
130,11, 135,11, -1.222980050563649e-15
130,11, 149,11, -1.666666666666642e-01
130,11, 150,11, -4.999999999999986e-01
130,11, 151,11, -1.666666666666642e-01
130,11, 153,11, -4.999999999999988e-01
130,11, 154,11, -1.333333333333348e+00
130,11, 155,11, -4.999999999999988e-01
130,11, 157,11, -1.666666666666643e-01
130,11, 158,11, -4.999999999999991e-01
130,11, 159,11, -1.666666666666644e-01
131,11, 126,11, -1.217775880135719e-15
131,11, 127,11,  3.333333333333298e-01
131,11, 128,11, -1.205632815803881e-15
131,11, 130,11,  3.333333333333297e-01
131,11, 131,11,  2.666666666666687e+00
131,11, 132,11,  3.333333333333297e-01
131,11, 134,11, -1.203898092327904e-15
131,11, 135,11,  3.333333333333298e-01
131,11, 136,11, -1.203898092327904e-15
131,11, 150,11, -1.666666666666642e-01
131,11, 151,11, -4.999999999999986e-01
131,11, 152,11, -1.666666666666642e-01
131,11, 154,11, -4.999999999999988e-01
131,11, 155,11, -1.333333333333348e+00
131,11, 156,11, -4.999999999999988e-01
131,11, 158,11, -1.666666666666644e-01
131,11, 159,11, -4.999999999999991e-01
131,11, 160,11, -1.666666666666644e-01
132,11, 127,11, -1.203898092327904e-15
132,11, 128,11,  1.666666666666649e-01
132,11, 131,11,  3.333333333333297e-01
132,11, 132,11,  5.000133333333334e+04
132,11, 135,11, -1.205632815803881e-15
132,11, 136,11,  1.666666666666649e-01
132,11, 151,11, -1.666666666666642e-01
132,11, 152,11, -2.499999999999993e-01
132,11, 155,11, -4.999999999999988e-01
132,11, 156,11, -6.666666666666740e-01
132,11, 159,11, -1.666666666666644e-01
132,11, 160,11, -2.499999999999995e-01
133,11, 129,11,  1.666666666666649e-01
133,11, 130,11, -1.255939796607208e-15
133,11, 133,11,  1.250133333333333e+04
133,11, 134,11,  3.333333333333295e-01
133,11, 137,11,  1.666666666666649e-01
133,11, 138,11, -1.203898092327904e-15
133,11, 153,11, -2.499999999999993e-01
133,11, 154,11, -1.666666666666642e-01
133,11, 157,11, -6.666666666666738e-01
133,11, 158,11, -4.999999999999989e-01
133,11, 161,11, -2.499999999999994e-01
133,11, 162,11, -1.666666666666643e-01
134,11, 129,11, -1.224714774039626e-15
134,11, 130,11,  3.333333333333297e-01
134,11, 131,11, -1.210836986231811e-15
134,11, 133,11,  3.333333333333295e-01
134,11, 134,11,  2.666666666666687e+00
134,11, 135,11,  3.333333333333295e-01
134,11, 137,11, -1.240327285323417e-15
134,11, 138,11,  3.333333333333298e-01
134,11, 139,11, -1.221245327087672e-15
134,11, 153,11, -1.666666666666642e-01
134,11, 154,11, -4.999999999999986e-01
134,11, 155,11, -1.666666666666642e-01
134,11, 157,11, -4.999999999999987e-01
134,11, 158,11, -1.333333333333348e+00
134,11, 159,11, -4.999999999999988e-01
134,11, 161,11, -1.666666666666643e-01
134,11, 162,11, -4.999999999999988e-01
134,11, 163,11, -1.666666666666643e-01
135,11, 130,11, -1.217775880135719e-15
135,11, 131,11,  3.333333333333297e-01
135,11, 132,11, -1.212571709707788e-15
135,11, 134,11,  3.333333333333296e-01
135,11, 135,11,  2.666666666666687e+00
135,11, 136,11,  3.333333333333296e-01
135,11, 138,11, -1.207367539279858e-15
135,11, 139,11,  3.333333333333298e-01
135,11, 140,11, -1.202163368851927e-15
135,11, 154,11, -1.666666666666642e-01
135,11, 155,11, -4.999999999999986e-01
135,11, 156,11, -1.666666666666642e-01
135,11, 158,11, -4.999999999999988e-01
135,11, 159,11, -1.333333333333348e+00
135,11, 160,11, -4.999999999999988e-01
135,11, 162,11, -1.666666666666643e-01
135,11, 163,11, -4.999999999999988e-01
135,11, 164,11, -1.666666666666643e-01
136,11, 131,11, -1.210836986231811e-15
136,11, 132,11,  1.666666666666649e-01
136,11, 135,11,  3.333333333333297e-01
136,11, 136,11,  5.000133333333334e+04
136,11, 139,11, -1.203898092327904e-15
136,11, 140,11,  1.666666666666649e-01
136,11, 155,11, -1.666666666666642e-01
136,11, 156,11, -2.499999999999993e-01
136,11, 159,11, -4.999999999999988e-01
136,11, 160,11, -6.666666666666740e-01
136,11, 163,11, -1.666666666666643e-01
136,11, 164,11, -2.499999999999994e-01
137,11, 133,11,  1.666666666666649e-01
137,11, 134,11, -1.257674520083185e-15
137,11, 137,11,  1.250133333333333e+04
137,11, 138,11,  3.333333333333296e-01
137,11, 141,11,  1.666666666666649e-01
137,11, 142,11, -1.217775880135719e-15
137,11, 157,11, -2.499999999999995e-01
137,11, 158,11, -1.666666666666644e-01
137,11, 161,11, -6.666666666666738e-01
137,11, 162,11, -4.999999999999989e-01
137,11, 165,11, -2.499999999999994e-01
137,11, 166,11, -1.666666666666643e-01
138,11, 133,11, -1.212571709707788e-15
138,11, 134,11,  3.333333333333298e-01
138,11, 135,11, -1.212571709707788e-15
138,11, 137,11,  3.333333333333296e-01
138,11, 138,11,  2.666666666666687e+00
138,11, 139,11,  3.333333333333297e-01
138,11, 141,11, -1.250735626179278e-15
138,11, 142,11,  3.333333333333297e-01
138,11, 143,11, -1.216041156659742e-15
138,11, 157,11, -1.666666666666643e-01
138,11, 158,11, -4.999999999999989e-01
138,11, 159,11, -1.666666666666643e-01
138,11, 161,11, -4.999999999999988e-01
138,11, 162,11, -1.333333333333348e+00
138,11, 163,11, -4.999999999999988e-01
138,11, 165,11, -1.666666666666643e-01
138,11, 166,11, -4.999999999999988e-01
138,11, 167,11, -1.666666666666643e-01
139,11, 134,11, -1.210836986231811e-15
139,11, 135,11,  3.333333333333298e-01
139,11, 136,11, -1.205632815803881e-15
139,11, 138,11,  3.333333333333297e-01
139,11, 139,11,  2.666666666666687e+00
139,11, 140,11,  3.333333333333297e-01
139,11, 142,11, -1.217775880135719e-15
139,11, 143,11,  3.333333333333298e-01
139,11, 144,11, -1.217775880135719e-15
139,11, 158,11, -1.666666666666643e-01
139,11, 159,11, -4.999999999999989e-01
139,11, 160,11, -1.666666666666643e-01
139,11, 162,11, -4.999999999999988e-01
139,11, 163,11, -1.333333333333348e+00
139,11, 164,11, -4.999999999999988e-01
139,11, 166,11, -1.666666666666642e-01
139,11, 167,11, -4.999999999999988e-01
139,11, 168,11, -1.666666666666643e-01
140,11, 135,11, -1.203898092327904e-15
140,11, 136,11,  1.666666666666649e-01
140,11, 139,11,  3.333333333333297e-01
140,11, 140,11,  5.000133333333334e+04
140,11, 143,11, -1.222980050563649e-15
140,11, 144,11,  1.666666666666649e-01
140,11, 159,11, -1.666666666666644e-01
140,11, 160,11, -2.499999999999994e-01
140,11, 163,11, -4.999999999999988e-01
140,11, 164,11, -6.666666666666738e-01
140,11, 167,11, -1.666666666666643e-01
140,11, 168,11, -2.499999999999994e-01
141,11, 137,11,  1.666666666666649e-01
141,11, 138,11, -1.255939796607208e-15
141,11, 141,11,  6.250666666666667e+03
141,11, 142,11,  1.666666666666648e-01
141,11, 161,11, -2.499999999999995e-01
141,11, 162,11, -1.666666666666643e-01
141,11, 165,11, -3.333333333333369e-01
141,11, 166,11, -2.499999999999995e-01
142,11, 137,11, -1.224714774039626e-15
142,11, 138,11,  3.333333333333297e-01
142,11, 139,11, -1.224714774039626e-15
142,11, 141,11,  1.666666666666649e-01
142,11, 142,11,  1.333333333333343e+00
142,11, 143,11,  1.666666666666649e-01
142,11, 161,11, -1.666666666666643e-01
142,11, 162,11, -4.999999999999989e-01
142,11, 163,11, -1.666666666666643e-01
142,11, 165,11, -2.499999999999994e-01
142,11, 166,11, -6.666666666666738e-01
142,11, 167,11, -2.499999999999995e-01
143,11, 138,11, -1.224714774039626e-15
143,11, 139,11,  3.333333333333297e-01
143,11, 140,11, -1.226449497515603e-15
143,11, 142,11,  1.666666666666648e-01
143,11, 143,11,  1.333333333333343e+00
143,11, 144,11,  1.666666666666649e-01
143,11, 162,11, -1.666666666666643e-01
143,11, 163,11, -4.999999999999989e-01
143,11, 164,11, -1.666666666666643e-01
143,11, 166,11, -2.499999999999993e-01
143,11, 167,11, -6.666666666666738e-01
143,11, 168,11, -2.499999999999994e-01
144,11, 139,11, -1.224714774039626e-15
144,11, 140,11,  1.666666666666649e-01
144,11, 143,11,  1.666666666666649e-01
144,11, 144,11,  2.500066666666667e+04
144,11, 163,11, -1.666666666666643e-01
144,11, 164,11, -2.499999999999994e-01
144,11, 167,11, -2.499999999999994e-01
144,11, 168,11, -3.333333333333369e-01
145,11, 121,11, -3.333333333333372e-01
145,11, 122,11, -2.499999999999994e-01
145,11, 125,11, -2.499999999999995e-01
145,11, 126,11, -1.666666666666643e-01
145,11, 145,11,  6.250666666666667e+03
145,11, 146,11,  1.666666666666649e-01
145,11, 149,11,  1.666666666666649e-01
145,11, 150,11, -1.178527761491743e-15
146,11, 121,11, -2.499999999999995e-01
146,11, 122,11, -6.666666666666742e-01
146,11, 123,11, -2.499999999999995e-01
146,11, 125,11, -1.666666666666644e-01
146,11, 126,11, -4.999999999999991e-01
146,11, 127,11, -1.666666666666643e-01
146,11, 145,11,  1.666666666666650e-01
146,11, 146,11,  1.333333333333344e+00
146,11, 147,11,  1.666666666666649e-01
146,11, 149,11, -1.157494239345525e-15
146,11, 150,11,  3.333333333333299e-01
146,11, 151,11, -1.177877240188252e-15
147,11, 122,11, -2.499999999999994e-01
147,11, 123,11, -6.666666666666741e-01
147,11, 124,11, -2.499999999999994e-01
147,11, 126,11, -1.666666666666644e-01
147,11, 127,11, -4.999999999999990e-01
147,11, 128,11, -1.666666666666644e-01
147,11, 146,11,  1.666666666666649e-01
147,11, 147,11,  1.333333333333344e+00
147,11, 148,11,  1.666666666666649e-01
147,11, 150,11, -1.163674191728692e-15
147,11, 151,11,  3.333333333333299e-01
147,11, 152,11, -1.194682373861777e-15
148,11, 123,11, -2.499999999999994e-01
148,11, 124,11, -3.333333333333369e-01
148,11, 127,11, -1.666666666666644e-01
148,11, 128,11, -2.499999999999995e-01
148,11, 147,11,  1.666666666666649e-01
148,11, 148,11,  2.500066666666667e+04
148,11, 151,11, -1.206825438193615e-15
148,11, 152,11,  1.666666666666649e-01
149,11, 121,11, -2.499999999999994e-01
149,11, 122,11, -1.666666666666642e-01
149,11, 125,11, -6.666666666666741e-01
149,11, 126,11, -4.999999999999987e-01
149,11, 129,11, -2.499999999999993e-01
149,11, 130,11, -1.666666666666642e-01
149,11, 145,11,  1.666666666666649e-01
149,11, 146,11, -1.167902580201385e-15
149,11, 149,11,  1.250133333333333e+04
149,11, 150,11,  3.333333333333298e-01
149,11, 153,11,  1.666666666666647e-01
149,11, 154,11, -1.199452863420714e-15
150,11, 121,11, -1.666666666666643e-01
150,11, 122,11, -4.999999999999988e-01
150,11, 123,11, -1.666666666666643e-01
150,11, 125,11, -4.999999999999989e-01
150,11, 126,11, -1.333333333333348e+00
150,11, 127,11, -4.999999999999988e-01
150,11, 129,11, -1.666666666666642e-01
150,11, 130,11, -4.999999999999986e-01
150,11, 131,11, -1.666666666666642e-01
150,11, 145,11, -1.175275154974287e-15
150,11, 146,11,  3.333333333333298e-01
150,11, 147,11, -1.166926798246148e-15
150,11, 149,11,  3.333333333333298e-01
150,11, 150,11,  2.666666666666687e+00
150,11, 151,11,  3.333333333333298e-01
150,11, 153,11, -1.183515091485177e-15
150,11, 154,11,  3.333333333333297e-01
150,11, 155,11, -1.196959198423997e-15
151,11, 122,11, -1.666666666666643e-01
151,11, 123,11, -4.999999999999987e-01
151,11, 124,11, -1.666666666666643e-01
151,11, 126,11, -4.999999999999989e-01
151,11, 127,11, -1.333333333333348e+00
151,11, 128,11, -4.999999999999988e-01
151,11, 130,11, -1.666666666666642e-01
151,11, 131,11, -4.999999999999986e-01
151,11, 132,11, -1.666666666666642e-01
151,11, 146,11, -1.167468899332391e-15
151,11, 147,11,  3.333333333333298e-01
151,11, 148,11, -1.201729687982933e-15
151,11, 150,11,  3.333333333333298e-01
151,11, 151,11,  2.666666666666687e+00
151,11, 152,11,  3.333333333333297e-01
151,11, 154,11, -1.187960320392367e-15
151,11, 155,11,  3.333333333333297e-01
151,11, 156,11, -1.206825438193615e-15
152,11, 123,11, -1.666666666666643e-01
152,11, 124,11, -2.499999999999993e-01
152,11, 127,11, -4.999999999999988e-01
152,11, 128,11, -6.666666666666741e-01
152,11, 131,11, -1.666666666666642e-01
152,11, 132,11, -2.499999999999993e-01
152,11, 147,11, -1.196525517555003e-15
152,11, 148,11,  1.666666666666649e-01
152,11, 151,11,  3.333333333333297e-01
152,11, 152,11,  5.000133333333334e+04
152,11, 155,11, -1.205199134934887e-15
152,11, 156,11,  1.666666666666650e-01
153,11, 125,11, -2.499999999999995e-01
153,11, 126,11, -1.666666666666643e-01
153,11, 129,11, -6.666666666666738e-01
153,11, 130,11, -4.999999999999988e-01
153,11, 133,11, -2.499999999999993e-01
153,11, 134,11, -1.666666666666642e-01
153,11, 149,11,  1.666666666666647e-01
153,11, 150,11, -1.181671947791951e-15
153,11, 153,11,  1.250133333333333e+04
153,11, 154,11,  3.333333333333299e-01
153,11, 157,11,  1.666666666666648e-01
153,11, 158,11, -1.201296007113939e-15
154,11, 125,11, -1.666666666666644e-01
154,11, 126,11, -4.999999999999991e-01
154,11, 127,11, -1.666666666666643e-01
154,11, 129,11, -4.999999999999989e-01
154,11, 130,11, -1.333333333333348e+00
154,11, 131,11, -4.999999999999988e-01
154,11, 133,11, -1.666666666666642e-01
154,11, 134,11, -4.999999999999986e-01
154,11, 135,11, -1.666666666666642e-01
154,11, 149,11, -1.192730809951303e-15
154,11, 150,11,  3.333333333333297e-01
154,11, 151,11, -1.189803464085593e-15
154,11, 153,11,  3.333333333333299e-01
154,11, 154,11,  2.666666666666687e+00
154,11, 155,11,  3.333333333333299e-01
154,11, 157,11, -1.216366417311487e-15
154,11, 158,11,  3.333333333333297e-01
154,11, 159,11, -1.210294885145569e-15
155,11, 126,11, -1.666666666666643e-01
155,11, 127,11, -4.999999999999991e-01
155,11, 128,11, -1.666666666666644e-01
155,11, 130,11, -4.999999999999989e-01
155,11, 131,11, -1.333333333333348e+00
155,11, 132,11, -4.999999999999988e-01
155,11, 134,11, -1.666666666666642e-01
155,11, 135,11, -4.999999999999986e-01
155,11, 136,11, -1.666666666666642e-01
155,11, 150,11, -1.205849656238378e-15
155,11, 151,11,  3.333333333333297e-01
155,11, 152,11, -1.203464411458910e-15
155,11, 154,11,  3.333333333333298e-01
155,11, 155,11,  2.666666666666687e+00
155,11, 156,11,  3.333333333333298e-01
155,11, 158,11, -1.218426401439210e-15
155,11, 159,11,  3.333333333333297e-01
155,11, 160,11, -1.229485263598562e-15
156,11, 127,11, -1.666666666666644e-01
156,11, 128,11, -2.499999999999996e-01
156,11, 131,11, -4.999999999999988e-01
156,11, 132,11, -6.666666666666740e-01
156,11, 135,11, -1.666666666666642e-01
156,11, 136,11, -2.499999999999993e-01
156,11, 151,11, -1.207042278628112e-15
156,11, 152,11,  1.666666666666650e-01
156,11, 155,11,  3.333333333333298e-01
156,11, 156,11,  5.000133333333334e+04
156,11, 159,11, -1.236424157502469e-15
156,11, 160,11,  1.666666666666649e-01
157,11, 129,11, -2.499999999999996e-01
157,11, 130,11, -1.666666666666643e-01
157,11, 133,11, -6.666666666666738e-01
157,11, 134,11, -4.999999999999987e-01
157,11, 137,11, -2.499999999999994e-01
157,11, 138,11, -1.666666666666643e-01
157,11, 153,11,  1.666666666666648e-01
157,11, 154,11, -1.197392879292991e-15
157,11, 157,11,  1.250133333333333e+04
157,11, 158,11,  3.333333333333300e-01
157,11, 161,11,  1.666666666666648e-01
157,11, 162,11, -1.199452863420714e-15
158,11, 129,11, -1.666666666666644e-01
158,11, 130,11, -4.999999999999991e-01
158,11, 131,11, -1.666666666666644e-01
158,11, 133,11, -4.999999999999989e-01
158,11, 134,11, -1.333333333333348e+00
158,11, 135,11, -4.999999999999988e-01
158,11, 137,11, -1.666666666666644e-01
158,11, 138,11, -4.999999999999990e-01
158,11, 139,11, -1.666666666666643e-01
158,11, 153,11, -1.209969624493823e-15
158,11, 154,11,  3.333333333333297e-01
158,11, 155,11, -1.211595927752551e-15
158,11, 157,11,  3.333333333333300e-01
158,11, 158,11,  2.666666666666687e+00
158,11, 159,11,  3.333333333333300e-01
158,11, 161,11, -1.185249814961153e-15
158,11, 162,11,  3.333333333333297e-01
158,11, 163,11, -1.214306433183765e-15
159,11, 130,11, -1.666666666666644e-01
159,11, 131,11, -4.999999999999991e-01
159,11, 132,11, -1.666666666666644e-01
159,11, 134,11, -4.999999999999988e-01
159,11, 135,11, -1.333333333333348e+00
159,11, 136,11, -4.999999999999988e-01
159,11, 138,11, -1.666666666666644e-01
159,11, 139,11, -4.999999999999989e-01
159,11, 140,11, -1.666666666666644e-01
159,11, 154,11, -1.224064252736135e-15
159,11, 155,11,  3.333333333333298e-01
159,11, 156,11, -1.224281093170632e-15
159,11, 158,11,  3.333333333333299e-01
159,11, 159,11,  2.666666666666687e+00
159,11, 160,11,  3.333333333333299e-01
159,11, 162,11, -1.208777002104089e-15
159,11, 163,11,  3.333333333333298e-01
159,11, 164,11, -1.231111566857290e-15
160,11, 131,11, -1.666666666666644e-01
160,11, 132,11, -2.499999999999995e-01
160,11, 135,11, -4.999999999999988e-01
160,11, 136,11, -6.666666666666738e-01
160,11, 139,11, -1.666666666666643e-01
160,11, 140,11, -2.499999999999994e-01
160,11, 155,11, -1.224281093170632e-15
160,11, 156,11,  1.666666666666649e-01
160,11, 159,11,  3.333333333333299e-01
160,11, 160,11,  5.000133333333334e+04
160,11, 163,11, -1.239893604454423e-15
160,11, 164,11,  1.666666666666649e-01
161,11, 133,11, -2.499999999999994e-01
161,11, 134,11, -1.666666666666642e-01
161,11, 137,11, -6.666666666666740e-01
161,11, 138,11, -4.999999999999988e-01
161,11, 141,11, -2.499999999999994e-01
161,11, 142,11, -1.666666666666643e-01
161,11, 157,11,  1.666666666666648e-01
161,11, 158,11, -1.186876118219882e-15
161,11, 161,11,  1.250133333333333e+04
161,11, 162,11,  3.333333333333299e-01
161,11, 165,11,  1.666666666666648e-01
161,11, 166,11, -1.197826560161985e-15
162,11, 133,11, -1.666666666666643e-01
162,11, 134,11, -4.999999999999988e-01
162,11, 135,11, -1.666666666666642e-01
162,11, 137,11, -4.999999999999989e-01
162,11, 138,11, -1.333333333333348e+00
162,11, 139,11, -4.999999999999988e-01
162,11, 141,11, -1.666666666666643e-01
162,11, 142,11, -4.999999999999988e-01
162,11, 143,11, -1.666666666666643e-01
162,11, 157,11, -1.197934980379234e-15
162,11, 158,11,  3.333333333333297e-01
162,11, 159,11, -1.198477081465477e-15
162,11, 161,11,  3.333333333333299e-01
162,11, 162,11,  2.666666666666687e+00
162,11, 163,11,  3.333333333333298e-01
162,11, 165,11, -1.188610841695859e-15
162,11, 166,11,  3.333333333333297e-01
162,11, 167,11, -1.213764332097522e-15
163,11, 134,11, -1.666666666666643e-01
163,11, 135,11, -4.999999999999988e-01
163,11, 136,11, -1.666666666666643e-01
163,11, 138,11, -4.999999999999988e-01
163,11, 139,11, -1.333333333333348e+00
163,11, 140,11, -4.999999999999988e-01
163,11, 142,11, -1.666666666666643e-01
163,11, 143,11, -4.999999999999989e-01
163,11, 144,11, -1.666666666666643e-01
163,11, 158,11, -1.193706591906540e-15
163,11, 159,11,  3.333333333333297e-01
163,11, 160,11, -1.213872752314771e-15
163,11, 162,11,  3.333333333333298e-01
163,11, 163,11,  2.666666666666687e+00
163,11, 164,11,  3.333333333333298e-01
163,11, 166,11, -1.206283337107372e-15
163,11, 167,11,  3.333333333333298e-01
163,11, 168,11, -1.239893604454423e-15
164,11, 135,11, -1.666666666666643e-01
164,11, 136,11, -2.499999999999994e-01
164,11, 139,11, -4.999999999999988e-01
164,11, 140,11, -6.666666666666738e-01
164,11, 143,11, -1.666666666666643e-01
164,11, 144,11, -2.499999999999994e-01
164,11, 159,11, -1.212246449056043e-15
164,11, 160,11,  1.666666666666649e-01
164,11, 163,11,  3.333333333333298e-01
164,11, 164,11,  5.000133333333334e+04
164,11, 167,11, -1.246832498358330e-15
164,11, 168,11,  1.666666666666649e-01
165,11, 137,11, -2.499999999999994e-01
165,11, 138,11, -1.666666666666643e-01
165,11, 141,11, -3.333333333333370e-01
165,11, 142,11, -2.499999999999994e-01
165,11, 161,11,  1.666666666666648e-01
165,11, 162,11, -1.199127602768968e-15
165,11, 165,11,  6.250666666666667e+03
165,11, 166,11,  1.666666666666650e-01
166,11, 137,11, -1.666666666666643e-01
166,11, 138,11, -4.999999999999988e-01
166,11, 139,11, -1.666666666666643e-01
166,11, 141,11, -2.499999999999995e-01
166,11, 142,11, -6.666666666666738e-01
166,11, 143,11, -2.499999999999994e-01
166,11, 161,11, -1.196091836686008e-15
166,11, 162,11,  3.333333333333298e-01
166,11, 163,11, -1.204657033848644e-15
166,11, 165,11,  1.666666666666650e-01
166,11, 166,11,  1.333333333333343e+00
166,11, 167,11,  1.666666666666650e-01
167,11, 138,11, -1.666666666666643e-01
167,11, 139,11, -4.999999999999988e-01
167,11, 140,11, -1.666666666666643e-01
167,11, 142,11, -2.499999999999995e-01
167,11, 143,11, -6.666666666666738e-01
167,11, 144,11, -2.499999999999994e-01
167,11, 162,11, -1.222329529260158e-15
167,11, 163,11,  3.333333333333298e-01
167,11, 164,11, -1.238158880978446e-15
167,11, 166,11,  1.666666666666650e-01
167,11, 167,11,  1.333333333333343e+00
167,11, 168,11,  1.666666666666649e-01
168,11, 139,11, -1.666666666666643e-01
168,11, 140,11, -2.499999999999994e-01
168,11, 143,11, -2.499999999999994e-01
168,11, 144,11, -3.333333333333369e-01
168,11, 163,11, -1.238158880978446e-15
168,11, 164,11,  1.666666666666649e-01
168,11, 167,11,  1.666666666666649e-01
168,11, 168,11,  2.500066666666667e+04
