** Assembled nodal loads
*CLOAD, REAL
1,11,  2.500000000000000e+05
5,11,  5.000000000000000e+05
9,11,  5.000000000000000e+05
13,11,  5.000000000000000e+05
17,11,  5.000000000000000e+05
21,11,  2.500000000000000e+05
25,11,  5.000000000000000e+05
29,11,  1.000000000000000e+06
33,11,  1.000000000000000e+06
37,11,  1.000000000000000e+06
41,11,  1.000000000000000e+06
45,11,  5.000000000000000e+05
49,11,  2.500000000000000e+05
53,11,  5.000000000000000e+05
57,11,  5.000000000000000e+05
61,11,  5.000000000000000e+05
65,11,  5.000000000000000e+05
69,11,  2.500000000000000e+05
